/* ex: set ro ft=c: -*- buffer-read-only: t -*-
   !!!!!!!   DO NOT EDIT THIS FILE   !!!!!!!
   This file is built by regen_perly.pl from perly.y.
   Any changes made here will be lost!
 */

#define YYFINAL  14
/* YYLAST -- Last index in YYTABLE.  */
#define YYLAST   2967

/* YYNTOKENS -- Number of terminals.  */
#define YYNTOKENS  108
/* YYNNTS -- Number of nonterminals.  */
#define YYNNTS  80
/* YYNRULES -- Number of rules.  */
#define YYNRULES  259
/* YYNRULES -- Number of states.  */
#define YYNSTATES  523

/* YYTRANSLATE(YYLEX) -- Bison symbol number corresponding to YYLEX.  */
#define YYUNDEFTOK  2
#define YYMAXUTOK   340

#define YYTRANSLATE(YYX)						\
  ((unsigned int) (YYX) <= YYMAXUTOK ? yytranslate[YYX] : YYUNDEFTOK)

/* YYTRANSLATE[YYLEX] -- Bison symbol number corresponding to YYLEX.  */
static const yytype_uint8 yytranslate[] =
{
       0,     2,     2,     2,     2,     2,     2,     2,     2,     2,
       2,     2,     2,     2,     2,     2,     2,     2,     2,     2,
       2,     2,     2,     2,     2,     2,     2,     2,     2,     2,
       2,     2,     2,    90,     2,     2,   105,    16,    17,     2,
     103,   102,   106,    14,    79,    13,    19,   107,     2,     2,
       2,     2,     2,     2,     2,     2,     2,     2,    82,   104,
       2,    18,     2,    81,    15,     2,     2,     2,     2,     2,
       2,     2,     2,     2,     2,     2,     2,     2,     2,     2,
       2,     2,     2,     2,     2,     2,     2,     2,     2,     2,
       2,    11,     2,    12,     2,     2,     2,     2,     2,     2,
       2,     2,     2,     2,     2,     2,     2,     2,     2,     2,
       2,     2,     2,     2,     2,     2,     2,     2,     2,     2,
       2,     2,     2,     9,     2,    10,    91,     2,     2,     2,
       2,     2,     2,     2,     2,     2,     2,     2,     2,     2,
       2,     2,     2,     2,     2,     2,     2,     2,     2,     2,
       2,     2,     2,     2,     2,     2,     2,     2,     2,     2,
       2,     2,     2,     2,     2,     2,     2,     2,     2,     2,
       2,     2,     2,     2,     2,     2,     2,     2,     2,     2,
       2,     2,     2,     2,     2,     2,     2,     2,     2,     2,
       2,     2,     2,     2,     2,     2,     2,     2,     2,     2,
       2,     2,     2,     2,     2,     2,     2,     2,     2,     2,
       2,     2,     2,     2,     2,     2,     2,     2,     2,     2,
       2,     2,     2,     2,     2,     2,     2,     2,     2,     2,
       2,     2,     2,     2,     2,     2,     2,     2,     2,     2,
       2,     2,     2,     2,     2,     2,     2,     2,     2,     2,
       2,     2,     2,     2,     2,     2,     1,     2,     3,     4,
       5,     6,     7,     8,    20,    21,    22,    23,    24,    25,
      26,    27,    28,    29,    30,    31,    32,    33,    34,    35,
      36,    37,    38,    39,    40,    41,    42,    43,    44,    45,
      46,    47,    48,    49,    50,    51,    52,    53,    54,    55,
      56,    57,    58,    59,    60,    61,    62,    63,    64,    65,
      66,    67,    68,    69,    70,    71,    72,    73,    74,    75,
      76,    77,    78,    80,    83,    84,    85,    86,    87,    88,
      89,    92,    93,    94,    95,    96,    97,    98,    99,   100,
     101
};

#if YYDEBUG
/* YYPRHS[YYN] -- Index of the first RHS symbol of rule number YYN in
   YYRHS.  */
static const yytype_uint16 yyprhs[] =
{
       0,     0,     3,     4,     9,    10,    14,    15,    19,    20,
      24,    25,    29,    30,    34,    39,    47,    48,    53,    54,
      55,    58,    59,    62,    64,    66,    69,    72,    74,    79,
      80,    88,    89,   100,   105,   106,   114,   122,   130,   137,
     144,   147,   156,   165,   166,   167,   181,   191,   200,   201,
     213,   223,   231,   234,   235,   244,   247,   249,   252,   253,
     257,   259,   261,   265,   269,   273,   277,   281,   285,   286,
     289,   296,   297,   300,   301,   302,   304,   305,   307,   309,
     311,   313,   315,   317,   318,   319,   320,   321,   323,   325,
     326,   328,   329,   332,   334,   337,   339,   343,   347,   349,
     351,   355,   359,   363,   365,   368,   372,   374,   378,   384,
     391,   395,   399,   405,   408,   413,   414,   420,   422,   424,
     430,   435,   441,   446,   452,   459,   465,   470,   476,   481,
     485,   492,   497,   503,   507,   511,   515,   519,   523,   527,
     531,   535,   539,   543,   547,   551,   555,   559,   562,   565,
     568,   571,   574,   577,   580,   583,   586,   589,   593,   596,
     601,   605,   611,   620,   623,   626,   628,   630,   632,   634,
     640,   643,   645,   648,   652,   654,   657,   659,   661,   663,
     665,   667,   669,   674,   679,   685,   691,   693,   695,   699,
     704,   708,   713,   718,   723,   728,   733,   735,   738,   741,
     743,   746,   749,   751,   754,   756,   759,   761,   765,   767,
     771,   773,   777,   782,   783,   790,   792,   794,   796,   798,
     802,   805,   809,   812,   814,   816,   818,   820,   821,   823,
     824,   826,   827,   830,   832,   833,   837,   839,   841,   843,
     845,   847,   849,   852,   855,   858,   864,   867,   870,   875,
     878,   880,   884,   886,   890,   892,   896,   898,   900,   902
};

/* YYRHS -- A `-1'-separated list of the rules' RHS.  */
static const yytype_int16 yyrhs[] =
{
     109,     0,    -1,    -1,     3,   110,   118,   121,    -1,    -1,
       4,   111,   170,    -1,    -1,     5,   112,   116,    -1,    -1,
       6,   113,   125,    -1,    -1,     7,   114,   123,    -1,    -1,
       8,   115,   121,    -1,     9,   118,   121,    10,    -1,    18,
     118,   104,    71,   122,   104,    19,    -1,    -1,     9,   120,
     121,    10,    -1,    -1,    -1,   121,   123,    -1,    -1,   122,
     133,    -1,   125,    -1,   124,    -1,    33,   125,    -1,    33,
     124,    -1,    32,    -1,    34,   148,   145,   117,    -1,    -1,
      35,   149,   146,   126,   150,   151,   154,    -1,    -1,    35,
     149,   146,   127,   118,   153,   151,     9,   121,    10,    -1,
      37,    20,    20,   104,    -1,    -1,    38,   146,   128,    20,
      20,   169,   104,    -1,    41,   103,   118,   142,   102,   119,
     136,    -1,    42,   103,   118,   144,   102,   119,   136,    -1,
      47,   103,   118,   142,   102,   119,    -1,    48,   103,   118,
     142,   102,   119,    -1,    49,   116,    -1,    39,   103,   118,
     140,   102,   138,   119,   137,    -1,    40,   103,   118,   141,
     102,   138,   119,   137,    -1,    -1,    -1,    46,   103,   118,
     143,   104,   129,   140,   104,   130,   138,   143,   102,   119,
      -1,    46,    67,   118,   174,   172,   142,   102,   119,   137,
      -1,    46,   178,   172,   118,   142,   102,   119,   137,    -1,
      -1,    46,    92,    67,   118,   175,   131,   172,   142,   102,
     119,   137,    -1,    46,    92,   176,   172,   118,   142,   102,
     119,   137,    -1,    46,   172,   118,   142,   102,   119,   137,
      -1,   116,   137,    -1,    -1,    37,    20,    20,     9,   118,
     132,   121,    10,    -1,   135,   104,    -1,   104,    -1,    23,
     134,    -1,    -1,    70,   121,    71,    -1,     1,    -1,   155,
      -1,   155,    41,   155,    -1,   155,    42,   155,    -1,   155,
      39,   155,    -1,   155,    40,   141,    -1,   155,    46,   155,
      -1,   155,    48,   155,    -1,    -1,    43,   119,    -1,    44,
     103,   142,   102,   119,   136,    -1,    -1,    45,   116,    -1,
      -1,    -1,   135,    -1,    -1,   155,    -1,   155,    -1,   155,
      -1,   139,    -1,   141,    -1,    20,    -1,    -1,    -1,    -1,
      -1,    20,    -1,    25,    -1,    -1,    23,    -1,    -1,    69,
      23,    -1,    69,    -1,    69,    23,    -1,    69,    -1,   103,
      73,   102,    -1,   103,    72,   102,    -1,   116,    -1,   104,
      -1,   155,    77,   155,    -1,   155,    76,   155,    -1,   155,
      75,   155,    -1,   156,    -1,   156,    79,    -1,   156,    79,
     165,    -1,   165,    -1,    57,   187,   156,    -1,    55,   103,
     187,   155,   102,    -1,   165,   101,   159,   103,   170,   102,
      -1,   165,   101,   159,    -1,    21,   187,   169,    -1,    22,
     187,   103,   170,   102,    -1,    57,   169,    -1,    55,   103,
     170,   102,    -1,    -1,    30,   147,   116,   158,   169,    -1,
      21,    -1,   178,    -1,   186,     9,   155,   104,    10,    -1,
     178,    11,   155,    12,    -1,   165,   101,    11,   155,    12,
      -1,   160,    11,   155,    12,    -1,   178,     9,   155,   104,
      10,    -1,   165,   101,     9,   155,   104,    10,    -1,   160,
       9,   155,   104,    10,    -1,   165,   101,   103,   102,    -1,
     165,   101,   103,   155,   102,    -1,   160,   103,   155,   102,
      -1,   160,   103,   102,    -1,   103,   155,   102,    11,   155,
      12,    -1,    26,    11,   155,    12,    -1,   103,   102,    11,
     155,    12,    -1,   165,    80,   165,    -1,   165,    95,   165,
      -1,   165,    60,   165,    -1,   165,    61,   165,    -1,   165,
      88,   165,    -1,   165,    58,   165,    -1,   165,    59,   165,
      -1,   165,    87,   165,    -1,   165,    86,   165,    -1,   165,
      51,   165,    -1,   165,    85,   165,    -1,   165,    84,   165,
      -1,   165,    83,   165,    -1,   165,    89,   165,    -1,    13,
     165,    -1,    14,   165,    -1,    90,   165,    -1,    91,   165,
      -1,   165,    98,    -1,   165,    97,    -1,   165,    96,    -1,
     165,    94,    -1,   100,   165,    -1,    99,   165,    -1,    11,
     155,    12,    -1,    11,    12,    -1,    64,   155,   104,    10,
      -1,    64,   104,    10,    -1,    36,   147,   150,   151,   116,
      -1,    36,   147,   118,   153,   151,     9,   121,    10,    -1,
      63,   165,    -1,    63,   116,    -1,   161,    -1,   162,    -1,
     163,    -1,   164,    -1,   165,    81,   165,    82,   165,    -1,
      92,   165,    -1,   167,    -1,    66,   165,    -1,   103,   155,
     102,    -1,    26,    -1,   103,   102,    -1,   178,    -1,   183,
      -1,   181,    -1,   179,    -1,   182,    -1,   160,    -1,   184,
      11,   155,    12,    -1,   185,    11,   155,    12,    -1,   184,
       9,   155,   104,    10,    -1,   185,     9,   155,   104,    10,
      -1,    23,    -1,   177,    -1,   177,   103,   102,    -1,   177,
     103,   155,   102,    -1,    65,   149,   169,    -1,   165,   101,
     105,   106,    -1,   165,   101,    15,   106,    -1,   165,   101,
      16,   106,    -1,   165,   101,    17,   106,    -1,   165,   101,
     106,   106,    -1,    50,    -1,    50,   165,    -1,    78,   156,
      -1,    56,    -1,    56,   116,    -1,    56,   165,    -1,    68,
      -1,    68,   165,    -1,    29,    -1,    29,   165,    -1,    53,
      -1,    53,   103,   102,    -1,    27,    -1,    27,   103,   102,
      -1,    28,    -1,    54,   103,   102,    -1,    54,   103,   155,
     102,    -1,    -1,    24,   166,   103,   156,   171,   102,    -1,
      20,    -1,   157,    -1,    52,    -1,    31,    -1,    67,   168,
     152,    -1,    67,   168,    -1,   103,   155,   102,    -1,   103,
     102,    -1,   178,    -1,   181,    -1,   180,    -1,   179,    -1,
      -1,   156,    -1,    -1,   155,    -1,    -1,   107,   155,    -1,
     103,    -1,    -1,    26,   173,   103,    -1,   178,    -1,   178,
      -1,   179,    -1,   181,    -1,   175,    -1,   177,    -1,    17,
     187,    -1,   105,   187,    -1,    15,   187,    -1,    15,    25,
      11,    23,    12,    -1,    16,   187,    -1,    62,   187,    -1,
     165,   101,    62,   106,    -1,   106,   187,    -1,   179,    -1,
     165,   101,    15,    -1,   181,    -1,   165,   101,    16,    -1,
     183,    -1,   165,   101,   106,    -1,    20,    -1,   178,    -1,
     116,    -1,    25,    -1
};

/* YYRLINE[YYN] -- source line where rule number YYN was defined.  */
static const yytype_uint16 yyrline[] =
{
       0,   121,   121,   120,   131,   130,   140,   139,   152,   151,
     164,   163,   176,   175,   187,   195,   203,   207,   215,   221,
     222,   232,   233,   242,   246,   250,   254,   261,   263,   274,
     273,   307,   306,   350,   358,   357,   366,   372,   378,   389,
     391,   393,   400,   408,   410,   407,   427,   432,   439,   438,
     448,   456,   462,   469,   468,   483,   487,   495,   513,   514,
     519,   521,   523,   525,   527,   529,   531,   534,   540,   541,
     546,   557,   558,   564,   570,   571,   576,   579,   583,   588,
     592,   596,   600,   601,   605,   611,   616,   621,   622,   627,
     628,   633,   634,   636,   641,   643,   647,   652,   660,   661,
     665,   667,   669,   671,   675,   677,   682,   686,   690,   694,
     700,   705,   711,   717,   719,   722,   721,   732,   733,   737,
     741,   744,   749,   754,   757,   761,   765,   768,   773,   777,
     780,   782,   784,   789,   791,   793,   798,   800,   802,   804,
     806,   808,   810,   812,   814,   816,   818,   823,   825,   828,
     830,   832,   835,   838,   849,   852,   855,   862,   864,   866,
     868,   870,   873,   892,   894,   898,   899,   900,   901,   902,
     904,   906,   908,   910,   912,   914,   916,   918,   920,   922,
     924,   926,   928,   938,   948,   958,   968,   970,   972,   975,
     980,   984,   986,   988,   990,   993,   995,   998,  1000,  1002,
    1004,  1006,  1008,  1010,  1012,  1014,  1017,  1019,  1021,  1023,
    1025,  1027,  1031,  1034,  1033,  1046,  1047,  1048,  1053,  1057,
    1059,  1064,  1066,  1069,  1071,  1073,  1075,  1080,  1082,  1087,
    1088,  1093,  1094,  1098,  1101,  1100,  1108,  1112,  1113,  1114,
    1117,  1118,  1121,  1125,  1129,  1135,  1164,  1170,  1172,  1176,
    1180,  1181,  1185,  1186,  1190,  1191,  1196,  1198,  1200,  1203
};
#endif

#if YYDEBUG || YYERROR_VERBOSE || YYTOKEN_TABLE
/* YYTNAME[SYMBOL-NUM] -- String name of the symbol SYMBOL-NUM.
   First, the terminals, then, starting at YYNTOKENS, nonterminals.  */
static const char *const yytname[] =
{
  "$end", "error", "$undefined", "GRAMPROG", "GRAMEXPR", "GRAMBLOCK",
  "GRAMBARESTMT", "GRAMFULLSTMT", "GRAMSTMTSEQ", "'{'", "'}'", "'['",
  "']'", "'-'", "'+'", "'@'", "'%'", "'&'", "'='", "'.'", "WORD", "METHOD",
  "FUNCMETH", "THING", "PMFUNC", "PRIVATEREF", "QWLIST", "FUNC0OP",
  "FUNC0SUB", "UNIOPSUB", "LSTOPSUB", "PLUGEXPR", "PLUGSTMT", "LABEL",
  "FORMAT", "SUB", "ANONSUB", "PACKAGE", "USE", "WHILE", "UNTIL", "IF",
  "UNLESS", "ELSE", "ELSIF", "CONTINUE", "FOR", "GIVEN", "WHEN", "DEFAULT",
  "LOOPEX", "DOTDOT", "YADAYADA", "FUNC0", "FUNC1", "FUNC", "UNIOP",
  "LSTOP", "RELOP", "EQOP", "MULOP", "ADDOP", "DOLSHARP", "DO",
  "HASHBRACK", "NOAMP", "LOCAL", "MY", "REQUIRE", "COLONATTR",
  "FORMLBRACK", "FORMRBRACK", "PROTOTYPE", "SIGNATURE", "PREC_LOW",
  "DOROP", "OROP", "ANDOP", "NOTOP", "','", "ASSIGNOP", "'?'", "':'",
  "DORDOR", "OROR", "ANDAND", "BITOROP", "BITANDOP", "SHIFTOP", "MATCHOP",
  "'!'", "'~'", "REFGEN", "UMINUS", "POWCOP", "POWOP", "POSTJOIN",
  "POSTDEC", "POSTINC", "PREDEC", "PREINC", "ARROW", "')'", "'('", "';'",
  "'$'", "'*'", "'/'", "$accept", "grammar", "$@1", "$@2", "$@3", "$@4",
  "$@5", "$@6", "block", "formblock", "remember", "mblock", "mremember",
  "stmtseq", "formstmtseq", "fullstmt", "labfullstmt", "barestmt", "$@7",
  "$@8", "$@9", "$@10", "$@11", "@12", "$@13", "formline", "formarg",
  "sideff", "else", "cont", "mintro", "nexpr", "texpr", "iexpr", "mexpr",
  "mnexpr", "miexpr", "formname", "startsub", "startanonsub",
  "startformsub", "subname", "proto", "subattrlist", "myattrlist",
  "subsignature", "optsubbody", "expr", "listexpr", "listop", "@14",
  "method", "subscripted", "termbinop", "termunop", "anonymous", "termdo",
  "term", "@15", "myattrterm", "myterm", "optlistexpr", "optexpr",
  "optrepl", "lpar_or_qw", "$@16", "my_scalar", "my_var", "refgen_topic",
  "amper", "scalar", "ary", "sizearydecl", "hsh", "arylen", "star",
  "sliceme", "kvslice", "gelem", "indirob", YY_NULL
};
#endif

# ifdef YYPRINT
/* YYTOKNUM[YYLEX-NUM] -- Internal token number corresponding to
   token YYLEX-NUM.  */
static const yytype_uint16 yytoknum[] =
{
       0,   256,   257,   258,   259,   260,   261,   262,   263,   123,
     125,    91,    93,    45,    43,    64,    37,    38,    61,    46,
     264,   265,   266,   267,   268,   269,   270,   271,   272,   273,
     274,   275,   276,   277,   278,   279,   280,   281,   282,   283,
     284,   285,   286,   287,   288,   289,   290,   291,   292,   293,
     294,   295,   296,   297,   298,   299,   300,   301,   302,   303,
     304,   305,   306,   307,   308,   309,   310,   311,   312,   313,
     314,   315,   316,   317,   318,   319,   320,   321,   322,    44,
     323,    63,    58,   324,   325,   326,   327,   328,   329,   330,
      33,   126,   331,   332,   333,   334,   335,   336,   337,   338,
     339,   340,    41,    40,    59,    36,    42,    47
};
# endif

/* YYR1[YYN] -- Symbol number of symbol that rule YYN derives.  */
static const yytype_uint8 yyr1[] =
{
       0,   108,   110,   109,   111,   109,   112,   109,   113,   109,
     114,   109,   115,   109,   116,   117,   118,   119,   120,   121,
     121,   122,   122,   123,   123,   124,   124,   125,   125,   126,
     125,   127,   125,   125,   128,   125,   125,   125,   125,   125,
     125,   125,   125,   129,   130,   125,   125,   125,   131,   125,
     125,   125,   125,   132,   125,   125,   125,   133,   134,   134,
     135,   135,   135,   135,   135,   135,   135,   135,   136,   136,
     136,   137,   137,   138,   139,   139,   140,   140,   141,   142,
     143,   144,   145,   145,   146,   147,   148,   149,   149,   150,
     150,   151,   151,   151,   152,   152,   153,   153,   154,   154,
     155,   155,   155,   155,   156,   156,   156,   157,   157,   157,
     157,   157,   157,   157,   157,   158,   157,   159,   159,   160,
     160,   160,   160,   160,   160,   160,   160,   160,   160,   160,
     160,   160,   160,   161,   161,   161,   161,   161,   161,   161,
     161,   161,   161,   161,   161,   161,   161,   162,   162,   162,
     162,   162,   162,   162,   162,   162,   162,   163,   163,   163,
     163,   163,   163,   164,   164,   165,   165,   165,   165,   165,
     165,   165,   165,   165,   165,   165,   165,   165,   165,   165,
     165,   165,   165,   165,   165,   165,   165,   165,   165,   165,
     165,   165,   165,   165,   165,   165,   165,   165,   165,   165,
     165,   165,   165,   165,   165,   165,   165,   165,   165,   165,
     165,   165,   165,   166,   165,   165,   165,   165,   165,   167,
     167,   168,   168,   168,   168,   168,   168,   169,   169,   170,
     170,   171,   171,   172,   173,   172,   174,   175,   175,   175,
     176,   176,   177,   178,   179,   180,   181,   182,   182,   183,
     184,   184,   185,   185,   186,   186,   187,   187,   187,   187
};

/* YYR2[YYN] -- Number of symbols composing right hand side of rule YYN.  */
static const yytype_uint8 yyr2[] =
{
       0,     2,     0,     4,     0,     3,     0,     3,     0,     3,
       0,     3,     0,     3,     4,     7,     0,     4,     0,     0,
       2,     0,     2,     1,     1,     2,     2,     1,     4,     0,
       7,     0,    10,     4,     0,     7,     7,     7,     6,     6,
       2,     8,     8,     0,     0,    13,     9,     8,     0,    11,
       9,     7,     2,     0,     8,     2,     1,     2,     0,     3,
       1,     1,     3,     3,     3,     3,     3,     3,     0,     2,
       6,     0,     2,     0,     0,     1,     0,     1,     1,     1,
       1,     1,     1,     0,     0,     0,     0,     1,     1,     0,
       1,     0,     2,     1,     2,     1,     3,     3,     1,     1,
       3,     3,     3,     1,     2,     3,     1,     3,     5,     6,
       3,     3,     5,     2,     4,     0,     5,     1,     1,     5,
       4,     5,     4,     5,     6,     5,     4,     5,     4,     3,
       6,     4,     5,     3,     3,     3,     3,     3,     3,     3,
       3,     3,     3,     3,     3,     3,     3,     2,     2,     2,
       2,     2,     2,     2,     2,     2,     2,     3,     2,     4,
       3,     5,     8,     2,     2,     1,     1,     1,     1,     5,
       2,     1,     2,     3,     1,     2,     1,     1,     1,     1,
       1,     1,     4,     4,     5,     5,     1,     1,     3,     4,
       3,     4,     4,     4,     4,     4,     1,     2,     2,     1,
       2,     2,     1,     2,     1,     2,     1,     3,     1,     3,
       1,     3,     4,     0,     6,     1,     1,     1,     1,     3,
       2,     3,     2,     1,     1,     1,     1,     0,     1,     0,
       1,     0,     2,     1,     0,     3,     1,     1,     1,     1,
       1,     1,     2,     2,     2,     5,     2,     2,     4,     2,
       1,     3,     1,     3,     1,     3,     1,     1,     1,     1
};

/* YYDEFACT[STATE-NAME] -- Default reduction number in state STATE-NUM.
   Performed when YYTABLE doesn't specify something else to do.  Zero
   means the default is an error.  */
static const yytype_uint16 yydefact[] =
{
       0,     2,     4,     6,     8,    10,    12,     0,    16,   229,
       0,     0,     0,    19,     1,    19,     0,     0,     0,     0,
       0,     0,   215,     0,     0,   186,   213,   174,   208,   210,
     204,    85,   218,    85,   196,   217,   206,     0,     0,   199,
     227,     0,     0,     0,     0,     0,     0,   202,     0,     0,
       0,     0,     0,     0,     0,     0,     0,   230,   103,   216,
     181,   165,   166,   167,   168,   106,   171,     5,   187,   176,
     179,   178,   180,   177,     0,     0,     0,    16,     7,    60,
      27,    86,     0,     0,    84,     0,     0,     0,     0,     0,
       0,     0,     0,    56,    71,     9,     0,    61,     0,    11,
      24,    23,     0,     0,   158,     0,   147,   148,   256,   259,
     258,   257,   244,   246,   242,   227,     0,     0,     0,     0,
     205,     0,    89,   197,     0,     0,   229,   200,   201,   256,
     228,   113,   257,     0,   247,   164,   163,     0,     0,    87,
      88,   227,   172,     0,     0,   220,   223,   226,   225,   224,
     203,   198,   149,   150,   170,   156,   155,   175,     0,   243,
     249,     0,     0,     0,   104,     0,     0,     0,     0,     0,
       0,     0,     0,     0,     0,     0,     0,     0,     0,     0,
       0,     0,   154,     0,   153,   152,   151,     0,     0,     0,
       0,     0,     0,     0,     0,     0,    19,    83,    84,     0,
      34,    16,    16,    16,    16,   234,    16,     0,    16,    16,
       0,    16,    16,    40,     0,    52,    55,     0,     0,     0,
       0,     0,     0,    26,    25,    20,   157,   111,   229,     0,
       0,   209,   115,    90,     0,    91,   207,   211,     0,     0,
       0,   107,   160,     0,   190,   259,   222,     0,    95,   219,
       0,   173,   102,   101,   100,   105,     0,     0,   129,     0,
     142,   138,   139,   135,   136,   133,     0,   145,   144,   143,
     141,   140,   137,   146,   134,     0,     0,   251,   253,     0,
     117,     0,     0,     0,   255,   110,   118,   188,     0,     0,
       0,     0,     0,     0,     0,     0,     0,    82,     0,    29,
       0,     0,    76,     0,     0,     0,     0,     0,    16,   240,
       0,   241,   237,   238,   239,     0,     0,   233,    16,     0,
       0,    72,    64,    65,    78,    62,    63,    66,    67,     0,
     231,   131,   227,     0,    91,    93,     0,   212,   114,     0,
     159,     0,   221,    94,     0,     0,     0,   122,   128,     0,
       0,     0,   192,   193,   194,   248,   126,     0,   191,   195,
     229,   189,     0,   120,     0,   182,     0,   183,     0,    14,
      16,    28,    89,    16,    16,    33,     0,     0,    77,     0,
       0,    79,    81,     0,   235,     0,   236,     0,    16,    75,
      80,     0,     0,     0,     0,     0,   112,     0,     0,   116,
       0,     0,     0,    92,   161,   108,     0,   132,     0,   125,
     169,     0,   121,   127,     0,   123,   184,   185,   119,     0,
      91,     0,    53,   227,    73,    73,     0,     0,     0,    48,
       0,    43,     0,     0,     0,     0,   232,   214,    97,    96,
      19,   245,   130,   124,   109,     0,     0,    91,    19,     0,
       0,     0,    18,    68,    68,     0,     0,     0,    76,    71,
       0,    38,    39,     0,    21,    99,    98,    30,     0,     0,
      35,    71,    71,    19,     0,     0,    36,    37,     0,     0,
       0,     0,    51,    71,   162,     0,    19,    54,    41,    42,
       0,    69,     0,    71,     0,    71,    44,    47,    58,     0,
      22,     0,    17,     0,    46,     0,    50,    73,    19,    57,
      15,    32,     0,    71,     0,     0,    68,    49,     0,    59,
      70,     0,    45
};

/* YYDEFGOTO[NTERM-NUM].  */
static const yytype_int16 yydefgoto[] =
{
      -1,     7,     8,     9,    10,    11,    12,    13,   110,   371,
      15,   453,   473,   102,   485,   225,   100,   101,   372,   373,
     301,   458,   507,   456,   448,   500,   509,    96,   476,   215,
     450,   390,   377,   323,   380,   391,   383,   298,   200,   121,
     197,   141,   235,   336,   249,   334,   467,    97,    58,    59,
     332,   285,    60,    61,    62,    63,    64,    65,   117,    66,
     145,   131,    67,   398,   209,   306,   385,   309,   310,    68,
      69,    70,   148,    71,    72,    73,    74,    75,    76,   112
};

/* YYPACT[STATE-NUM] -- Index in YYTABLE of the portion describing
   STATE-NUM.  */
#define YYPACT_NINF -431
static const yytype_int16 yypact[] =
{
     727,  -431,  -431,  -431,  -431,  -431,  -431,    27,  -431,  2790,
      21,  1538,  1438,  -431,  -431,  -431,  2022,  2790,  2790,     0,
       0,     0,  -431,     0,     0,  -431,  -431,    34,   -49,  -431,
    2790,  -431,  -431,  -431,  2790,  -431,   -41,   -22,   -18,  1926,
    1828,     0,  1926,  2118,     8,  2790,    68,  2790,  2790,  2790,
    2790,  2790,  2790,  2790,  2214,     0,     0,   248,    41,  -431,
      12,  -431,  -431,  -431,  -431,  2866,  -431,  -431,    37,    48,
      66,    80,  -431,   117,    88,   159,   128,  -431,  -431,  -431,
    -431,  -431,     8,   137,  -431,    59,    76,    81,   107,   224,
     110,   111,    21,  -431,   176,  -431,   119,  1884,  1438,  -431,
    -431,  -431,   637,   738,  -431,    19,   612,   612,  -431,  -431,
    -431,  -431,  -431,  -431,  -431,  2790,   122,   124,  2790,   131,
    2063,    21,    28,  2866,   133,  2310,  1828,  -431,  2063,   538,
      41,  -431,   460,  2790,  -431,  -431,  2063,   172,   120,  -431,
    -431,  2790,  2063,    40,  2406,   168,  -431,  -431,  -431,  -431,
    2063,    41,   612,   612,   612,    79,    79,   228,   208,  -431,
    -431,  2790,  2790,  2790,  2790,  2790,  2790,  2502,  2790,  2790,
    2790,  2790,  2790,  2790,  2790,  2790,  2790,  2790,  2790,  2790,
    2790,  2790,  -431,  2790,  -431,  -431,  -431,   225,  2598,  2790,
    2790,  2790,  2790,  2790,  2790,  2790,  -431,   223,  -431,   245,
    -431,  -431,  -431,  -431,  -431,  -431,  -431,    51,  -431,  -431,
      24,  -431,  -431,  -431,    21,  -431,  -431,  2790,  2790,  2790,
    2790,  2790,  2790,  -431,  -431,  -431,  -431,  -431,  2790,  2790,
      75,  -431,  -431,  -431,   164,   199,  -431,  -431,   284,   177,
    2790,    41,  -431,   268,  -431,   271,  -431,   288,   267,  -431,
    2790,   281,   217,   217,  -431,  2866,   232,    78,  -431,   391,
    1716,  2007,   350,   723,   622,  2866,  2818,   318,   318,   428,
    1813,  1911,   511,   612,   612,  2790,  2790,   193,   198,   207,
    -431,   214,  2694,    33,   231,   237,  -431,  -431,   407,   280,
     154,   321,   195,   345,   200,   366,   838,  -431,   324,   265,
       6,   328,  2790,  2790,  2790,  2790,   266,   270,  -431,  -431,
      24,  -431,  -431,  -431,  -431,  1634,  2790,  -431,  -431,  2790,
    2790,  -431,   248,  -431,   248,   248,   248,   248,   248,   278,
     -31,  -431,  2790,    71,   199,   358,    21,  -431,  -431,   457,
    -431,   360,  -431,  -431,   257,  2790,   377,  -431,  -431,  2790,
     388,   269,  -431,  -431,  -431,  -431,  -431,   493,  -431,  -431,
    2790,  -431,   379,  -431,   383,  -431,   384,  -431,   389,  -431,
    -431,  -431,   378,  -431,  -431,  -431,   380,   315,   248,   316,
     322,   248,  -431,   325,  -431,    24,  -431,     2,  -431,  -431,
    -431,   319,   329,  2790,   331,   332,  -431,  2790,   333,  -431,
     338,   348,   421,  -431,  -431,  -431,   440,  -431,   277,  -431,
    1622,   444,  -431,  -431,   353,  -431,  -431,  -431,  -431,   354,
     199,   164,  -431,  2790,  -431,  -431,   448,   448,  2790,  -431,
    2790,  -431,   448,   359,   448,   448,   248,  -431,  -431,  -431,
    -431,  -431,  -431,  -431,  -431,   402,    10,   199,  -431,   370,
     448,   448,  -431,   104,   104,   374,    24,   376,  2790,   176,
     448,  -431,  -431,   938,  -431,  -431,  -431,  -431,   470,  1038,
    -431,   176,   176,  -431,   448,   382,  -431,  -431,   448,  2790,
     448,   390,  -431,   176,  -431,    17,  -431,  -431,  -431,  -431,
    1138,  -431,  2790,   176,   393,   176,  -431,  -431,   411,   477,
    -431,  1238,  -431,   396,  -431,   448,  -431,  -431,  -431,  -431,
    -431,  -431,   448,   176,  1730,  1338,   104,  -431,   401,  -431,
    -431,   448,  -431
};

/* YYPGOTO[NTERM-NUM].  */
static const yytype_int16 yypgoto[] =
{
    -431,  -431,  -431,  -431,  -431,  -431,  -431,  -431,   -10,  -431,
      -3,  -139,  -431,   -11,  -431,   492,   409,    11,  -431,  -431,
    -431,  -431,  -431,  -431,  -431,  -431,  -431,  -303,  -430,  -121,
    -399,  -431,    52,  -131,  -247,    -1,  -431,  -431,   314,   494,
    -431,   446,   158,  -318,  -431,   130,  -431,    -2,   -35,  -431,
    -431,  -431,  -431,  -431,  -431,  -431,  -431,    83,  -431,  -431,
    -431,  -104,  -116,  -431,  -207,  -431,  -431,   144,  -431,   346,
      15,   -40,  -431,   -38,  -431,  -431,  -431,  -431,  -431,    23
};

/* YYTABLE[YYPACT[STATE-NUM]].  What to do in state STATE-NUM.  If
   positive, shift that token.  If negative, reduce the rule which
   number is the opposite.  If YYTABLE_NINF, syntax error.  */
#define YYTABLE_NINF -255
static const yytype_int16 yytable[] =
{
      78,    94,    94,   318,   103,   130,   147,    57,   149,    77,
     239,   227,   389,   151,   105,   374,   402,    19,    20,    77,
     108,   165,    95,   166,   477,   109,   451,    14,   139,   127,
      77,   226,   135,   140,   111,   111,   111,   244,   111,   111,
     498,   138,    77,   113,   114,   118,   115,   116,   164,    77,
     205,   233,   158,   108,   119,   132,   111,   189,   109,   190,
     108,   146,   124,   133,   134,   245,    19,    20,    21,   392,
     111,   111,   394,   395,   196,  -250,   397,  -250,   159,   160,
     130,   125,   213,   143,    20,   126,   520,   331,    94,  -252,
     347,  -252,    94,    94,   161,   162,   163,   191,   241,   192,
     106,   107,   446,   388,   210,    55,   130,    55,   514,   224,
     375,   232,   329,   120,   465,   167,   230,   123,   308,   234,
     164,   499,   128,   238,    57,   136,  -254,   317,   142,   468,
     150,   -16,   152,   153,   154,   155,   156,   195,    55,   358,
     188,   132,   247,   400,   401,    55,   433,   474,   475,   240,
     161,   162,   163,   161,   162,   163,    55,   199,   111,   252,
     253,   254,   201,   256,   257,   259,   363,   313,   193,   314,
     194,   144,   379,    55,   382,  -255,  -255,  -255,   428,   202,
     187,   455,   242,   457,   203,   296,   288,   289,   290,   291,
     292,   293,   294,   295,   330,   161,   162,   163,   302,   303,
     304,   305,   286,   307,   321,   315,   316,   365,   319,   320,
     204,   389,   367,   211,   212,   322,   324,   325,   326,   327,
     328,   214,   312,   216,   243,   228,    57,   229,   399,   161,
     162,   163,   494,   231,   275,   236,   276,   248,   339,   250,
     277,   278,   279,   297,   414,   503,   280,   255,   344,   479,
     205,   260,   261,   262,   263,   264,   265,   266,   267,   268,
     269,   270,   271,   272,   273,   300,   274,   333,   335,   407,
     161,   162,   163,   350,   351,   161,   162,   163,   340,   338,
     357,   412,   341,   161,   162,   163,    94,   281,   454,   442,
     343,   206,   345,   459,   163,   461,   462,   130,   111,   352,
     378,   324,   381,   324,   353,   387,   159,   161,   162,   163,
     251,   471,   472,   354,   381,   393,   207,   381,   381,   449,
     355,   483,   386,   161,   162,   163,   404,   208,   282,    55,
     283,   284,   161,   162,   163,   491,   346,   359,   482,   493,
     360,   495,   370,   408,   161,   162,   163,   313,   376,   314,
     488,   489,   161,   162,   163,   161,   162,   163,    57,   161,
     162,   163,   497,   161,   162,   163,   513,   419,   -31,   384,
     421,   422,   504,   516,   506,    55,   169,   170,   171,   172,
     396,   403,   522,   406,   362,   430,   337,   409,   130,   415,
     342,   381,   517,   416,   417,   436,   161,   162,   163,   418,
     423,   233,   312,   177,   178,   179,   180,   181,   169,  -255,
     171,   172,   182,   183,   184,   185,   186,   424,   425,   187,
     161,   162,   163,   431,   426,   364,   381,   427,   381,   463,
     440,   432,   410,   434,   435,   437,   466,   469,   180,   181,
     438,   161,   162,   163,   182,   183,   184,   185,   186,   366,
     439,   187,   441,    94,   443,   444,   378,   452,   445,    94,
    -176,   460,   490,   161,   162,   163,   161,   162,   163,   189,
     368,   190,  -176,   464,   470,   501,   478,   381,   480,   486,
      94,   508,   161,   162,   163,   492,   169,   170,   171,   172,
     381,    94,   411,   348,   496,   505,   510,   515,   512,  -176,
    -176,  -176,  -176,   521,    99,    94,  -176,   223,  -176,   361,
     481,  -176,   299,   518,   178,   179,   180,   181,  -176,  -176,
    -176,  -176,   182,   183,   184,   185,   186,   122,   198,   187,
     420,   429,   161,   162,   163,  -176,  -176,  -176,  -215,  -176,
    -176,  -176,  -176,  -176,  -176,  -176,  -176,  -176,  -176,  -176,
    -215,   447,     0,   311,  -176,  -176,  -176,  -176,  -176,   405,
       0,  -176,  -176,     0,  -176,     0,     0,  -176,   161,   162,
     163,   171,   172,     0,     0,     0,     0,  -215,  -215,  -215,
    -215,     0,     0,     0,  -215,     0,  -215,     0,     0,  -215,
       0,     0,     0,     0,     0,   413,  -215,  -215,  -215,  -215,
     181,     0,     0,     0,     0,   182,   183,   184,   185,   186,
       0,     0,   187,  -215,  -215,  -215,     0,  -215,  -215,  -215,
    -215,  -215,  -215,  -215,  -215,  -215,  -215,  -215,     0,     0,
       0,     0,  -215,  -215,  -215,  -215,  -215,   -13,    79,  -215,
    -215,     0,  -215,     0,     0,  -215,    77,     0,    16,     0,
      17,    18,    19,    20,    21,     0,     0,    22,    23,    24,
      25,    26,     0,    27,    28,    29,    30,    31,    32,    80,
      98,    81,    82,    33,    83,    84,    85,    86,    87,    88,
       0,     0,   171,    89,    90,    91,    92,    34,     0,    35,
      36,    37,    38,    39,    40,     0,     0,     0,     0,    41,
      42,    43,    44,    45,    46,    47,   182,   183,   184,   185,
     186,   181,     0,   187,     0,    48,   182,   183,   184,   185,
     186,     0,     0,   187,     0,     0,     0,    49,    50,    51,
       1,     2,     3,     4,     5,     6,    52,    53,    -3,    79,
      54,    93,    55,    56,     0,     0,     0,    77,     0,    16,
       0,    17,    18,    19,    20,    21,     0,     0,    22,    23,
      24,    25,    26,     0,    27,    28,    29,    30,    31,    32,
      80,    98,    81,    82,    33,    83,    84,    85,    86,    87,
      88,     0,     0,     0,    89,    90,    91,    92,    34,     0,
      35,    36,    37,    38,    39,    40,     0,     0,     0,     0,
      41,    42,    43,    44,    45,    46,    47,     0,     0,     0,
       0,     0,   181,     0,     0,     0,    48,   182,   183,   184,
     185,   186,     0,     0,   187,     0,     0,     0,    49,    50,
      51,     0,     0,     0,     0,     0,     0,    52,    53,    79,
       0,    54,    93,    55,    56,     0,     0,    77,   369,    16,
       0,    17,    18,    19,    20,    21,     0,     0,    22,    23,
      24,    25,    26,     0,    27,    28,    29,    30,    31,    32,
      80,    98,    81,    82,    33,    83,    84,    85,    86,    87,
      88,     0,     0,     0,    89,    90,    91,    92,    34,     0,
      35,    36,    37,    38,    39,    40,     0,     0,     0,     0,
      41,    42,    43,    44,    45,    46,    47,     0,     0,     0,
       0,     0,     0,     0,     0,     0,    48,     0,     0,     0,
       0,     0,     0,     0,     0,     0,     0,     0,    49,    50,
      51,     0,     0,     0,     0,     0,     0,    52,    53,    79,
       0,    54,    93,    55,    56,     0,     0,    77,   484,    16,
       0,    17,    18,    19,    20,    21,     0,     0,    22,    23,
      24,    25,    26,     0,    27,    28,    29,    30,    31,    32,
      80,    98,    81,    82,    33,    83,    84,    85,    86,    87,
      88,     0,     0,     0,    89,    90,    91,    92,    34,     0,
      35,    36,    37,    38,    39,    40,     0,     0,     0,     0,
      41,    42,    43,    44,    45,    46,    47,     0,     0,     0,
       0,     0,     0,     0,     0,     0,    48,     0,     0,     0,
       0,     0,     0,     0,     0,     0,     0,     0,    49,    50,
      51,     0,     0,     0,     0,     0,     0,    52,    53,    79,
       0,    54,    93,    55,    56,     0,     0,    77,   487,    16,
       0,    17,    18,    19,    20,    21,     0,     0,    22,    23,
      24,    25,    26,     0,    27,    28,    29,    30,    31,    32,
      80,    98,    81,    82,    33,    83,    84,    85,    86,    87,
      88,     0,     0,     0,    89,    90,    91,    92,    34,     0,
      35,    36,    37,    38,    39,    40,     0,     0,     0,     0,
      41,    42,    43,    44,    45,    46,    47,     0,     0,     0,
       0,     0,     0,     0,     0,     0,    48,     0,     0,     0,
       0,     0,     0,     0,     0,     0,     0,     0,    49,    50,
      51,     0,     0,     0,     0,     0,     0,    52,    53,    79,
       0,    54,    93,    55,    56,     0,     0,    77,   502,    16,
       0,    17,    18,    19,    20,    21,     0,     0,    22,    23,
      24,    25,    26,     0,    27,    28,    29,    30,    31,    32,
      80,    98,    81,    82,    33,    83,    84,    85,    86,    87,
      88,     0,     0,     0,    89,    90,    91,    92,    34,     0,
      35,    36,    37,    38,    39,    40,     0,     0,     0,     0,
      41,    42,    43,    44,    45,    46,    47,     0,     0,     0,
       0,     0,     0,     0,     0,     0,    48,     0,     0,     0,
       0,     0,     0,     0,     0,     0,     0,     0,    49,    50,
      51,     0,     0,     0,     0,     0,     0,    52,    53,    79,
       0,    54,    93,    55,    56,     0,     0,    77,   511,    16,
       0,    17,    18,    19,    20,    21,     0,     0,    22,    23,
      24,    25,    26,     0,    27,    28,    29,    30,    31,    32,
      80,    98,    81,    82,    33,    83,    84,    85,    86,    87,
      88,     0,     0,     0,    89,    90,    91,    92,    34,     0,
      35,    36,    37,    38,    39,    40,     0,     0,     0,     0,
      41,    42,    43,    44,    45,    46,    47,     0,     0,     0,
       0,     0,     0,     0,     0,     0,    48,     0,     0,     0,
       0,     0,     0,     0,     0,     0,     0,     0,    49,    50,
      51,     0,     0,     0,     0,     0,     0,    52,    53,    79,
       0,    54,    93,    55,    56,     0,     0,    77,     0,    16,
       0,    17,    18,    19,    20,    21,     0,     0,    22,    23,
      24,    25,    26,     0,    27,    28,    29,    30,    31,    32,
      80,    98,    81,    82,    33,    83,    84,    85,    86,    87,
      88,     0,     0,     0,    89,    90,    91,    92,    34,     0,
      35,    36,    37,    38,    39,    40,     0,     0,     0,     0,
      41,    42,    43,    44,    45,    46,    47,     0,     0,   519,
       0,     0,     0,     0,     0,     0,    48,     0,     0,     0,
       0,     0,     0,     0,     0,     0,     0,     0,    49,    50,
      51,     0,     0,     0,     0,     0,     0,    52,    53,    79,
       0,    54,    93,    55,    56,     0,     0,    77,     0,    16,
       0,    17,    18,    19,    20,    21,     0,     0,    22,    23,
      24,    25,    26,     0,    27,    28,    29,    30,    31,    32,
      80,    98,    81,    82,    33,    83,    84,    85,    86,    87,
      88,     0,     0,     0,    89,    90,    91,    92,    34,     0,
      35,    36,    37,    38,    39,    40,     0,     0,     0,     0,
      41,    42,    43,    44,    45,    46,    47,     0,     0,     0,
       0,     0,     0,     0,     0,     0,    48,     0,     0,     0,
       0,     0,     0,     0,     0,     0,     0,     0,    49,    50,
      51,     0,     0,     0,     0,     0,     0,    52,    53,    79,
       0,    54,    93,    55,    56,     0,     0,    77,     0,    16,
       0,    17,    18,    19,    20,    21,     0,     0,    22,    23,
      24,    25,    26,     0,    27,    28,    29,    30,    31,    32,
      80,     0,    81,    82,    33,    83,    84,    85,    86,    87,
      88,     0,     0,     0,    89,    90,    91,    92,    34,     0,
      35,    36,    37,    38,    39,    40,     0,     0,     0,     0,
      41,    42,    43,    44,    45,    46,    47,     0,     0,     0,
       0,     0,     0,     0,     0,     0,    48,     0,     0,     0,
       0,     0,     0,     0,     0,     0,     0,     0,    49,    50,
      51,     0,     0,     0,     0,    79,     0,    52,    53,     0,
       0,    54,    93,    55,    56,    16,     0,    17,    18,    19,
      20,    21,     0,     0,    22,    23,    24,    25,    26,     0,
      27,    28,    29,    30,    31,    32,     0,     0,     0,     0,
      33,     0,     0,   168,     0,     0,     0,     0,     0,     0,
     169,   170,   171,   172,    34,     0,    35,    36,    37,    38,
      39,    40,     0,     0,     0,     0,    41,    42,    43,    44,
      45,    46,    47,   174,     0,   175,   176,   177,   178,   179,
     180,   181,    48,     0,     0,     0,   182,   183,   184,   185,
     186,     0,     0,   187,    49,    50,    51,     0,     0,     0,
       0,    79,     0,    52,    53,     0,     0,    54,   -74,    55,
      56,    16,     0,    17,    18,    19,    20,    21,     0,     0,
      22,    23,    24,    25,    26,     0,    27,    28,    29,    30,
      31,    32,     0,     0,     0,     0,    33,  -255,     0,     0,
       0,     0,     0,     0,   169,   170,   171,   172,     0,     0,
      34,     0,    35,    36,    37,    38,    39,    40,     0,     0,
       0,     0,    41,    42,    43,    44,    45,    46,    47,   175,
     176,   177,   178,   179,   180,   181,     0,     0,    48,     0,
     182,   183,   184,   185,   186,     0,     0,   187,     0,     0,
      49,    50,    51,     0,     0,     0,     0,     0,     0,    52,
      53,     0,   -74,    54,     0,    55,    56,    77,     0,    16,
       0,    17,    18,    19,    20,    21,     0,     0,   129,    23,
      24,    25,    26,   109,    27,    28,    29,    30,    31,    32,
       0,     0,     0,     0,    33,     0,     0,     0,     0,     0,
       0,   169,   170,   171,   172,     0,     0,     0,    34,     0,
      35,    36,    37,    38,    39,    40,     0,     0,     0,     0,
      41,    42,    43,    44,    45,    46,    47,     0,     0,     0,
     179,   180,   181,     0,     0,     0,    48,   182,   183,   184,
     185,   186,     0,     0,   187,     0,     0,     0,    49,    50,
      51,     0,     0,   217,   218,   219,   220,    52,    53,     0,
     221,    54,   222,    55,    56,    77,     0,    16,     0,    17,
      18,    19,    20,    21,     0,     0,    22,    23,    24,    25,
      26,     0,    27,    28,    29,    30,    31,    32,     0,   161,
     162,   163,    33,     0,     0,     0,     0,     0,     0,   169,
     170,   171,   172,     0,     0,     0,    34,     0,    35,    36,
      37,    38,    39,    40,     0,     0,     0,     0,    41,    42,
      43,    44,    45,    46,    47,     0,     0,     0,     0,   180,
     181,     0,     0,     0,    48,   182,   183,   184,   185,   186,
       0,     0,   187,     0,     0,     0,    49,    50,    51,     0,
       0,     0,     0,     0,     0,    52,    53,     0,     0,    54,
       0,    55,    56,    16,   104,    17,    18,    19,    20,    21,
       0,     0,    22,    23,    24,    25,    26,     0,    27,    28,
      29,    30,    31,    32,     0,     0,     0,     0,    33,     0,
       0,     0,     0,     0,     0,  -255,     0,   171,   172,     0,
       0,     0,    34,     0,    35,    36,    37,    38,    39,    40,
       0,     0,     0,     0,    41,    42,    43,    44,    45,    46,
      47,     0,     0,     0,     0,   180,   181,     0,     0,     0,
      48,   182,   183,   184,   185,   186,     0,     0,   187,     0,
       0,     0,    49,    50,    51,     0,     0,     0,     0,     0,
       0,    52,    53,   171,   172,    54,     0,    55,    56,    16,
       0,    17,    18,    19,    20,    21,     0,     0,    22,    23,
      24,    25,    26,     0,    27,    28,    29,    30,    31,    32,
       0,   180,   181,     0,    33,     0,     0,   182,   183,   184,
     185,   186,     0,     0,   187,     0,     0,     0,    34,     0,
      35,    36,    37,    38,    39,    40,     0,     0,     0,     0,
      41,    42,    43,    44,    45,    46,    47,     0,     0,     0,
       0,     0,     0,     0,     0,     0,    48,     0,     0,     0,
       0,     0,     0,     0,     0,     0,     0,     0,    49,    50,
      51,     0,     0,     0,     0,     0,     0,    52,    53,     0,
       0,    54,   137,    55,    56,    16,     0,    17,    18,    19,
      20,    21,     0,     0,    22,    23,    24,    25,    26,     0,
      27,    28,    29,    30,    31,    32,     0,     0,     0,     0,
      33,     0,     0,     0,     0,     0,     0,     0,     0,     0,
       0,     0,     0,     0,    34,     0,    35,    36,    37,    38,
      39,    40,     0,     0,     0,     0,    41,    42,    43,    44,
      45,    46,    47,     0,     0,     0,     0,     0,     0,     0,
       0,     0,    48,     0,     0,     0,     0,     0,     0,     0,
       0,     0,     0,     0,    49,    50,    51,     0,     0,     0,
       0,     0,     0,    52,    53,     0,   157,    54,     0,    55,
      56,    16,     0,    17,    18,    19,    20,    21,     0,     0,
      22,    23,    24,    25,    26,     0,    27,    28,    29,    30,
      31,    32,     0,     0,     0,     0,    33,     0,     0,     0,
       0,     0,     0,     0,     0,     0,     0,     0,     0,     0,
      34,     0,    35,    36,    37,    38,    39,    40,     0,     0,
       0,     0,    41,    42,    43,    44,    45,    46,    47,     0,
       0,     0,     0,     0,     0,     0,     0,     0,    48,     0,
       0,     0,     0,     0,     0,     0,     0,     0,     0,     0,
      49,    50,    51,     0,     0,     0,     0,     0,     0,    52,
      53,     0,   237,    54,     0,    55,    56,    16,     0,    17,
      18,    19,    20,    21,     0,     0,    22,    23,    24,    25,
      26,     0,    27,    28,    29,    30,    31,    32,     0,     0,
       0,     0,    33,     0,     0,     0,     0,     0,     0,     0,
       0,     0,     0,     0,     0,     0,    34,     0,    35,    36,
      37,    38,    39,    40,     0,     0,     0,     0,    41,    42,
      43,    44,    45,    46,    47,     0,     0,     0,     0,     0,
       0,     0,     0,     0,    48,     0,     0,     0,     0,     0,
       0,     0,     0,     0,     0,     0,    49,    50,    51,     0,
       0,     0,     0,     0,     0,    52,    53,     0,   246,    54,
       0,    55,    56,    16,     0,    17,    18,    19,    20,    21,
       0,     0,    22,    23,    24,    25,    26,     0,    27,    28,
      29,    30,    31,    32,     0,     0,     0,     0,    33,     0,
       0,     0,     0,     0,     0,     0,     0,     0,     0,     0,
       0,     0,    34,     0,    35,    36,    37,    38,    39,    40,
       0,     0,     0,     0,    41,    42,    43,    44,    45,    46,
      47,     0,     0,     0,     0,     0,     0,     0,     0,     0,
      48,     0,     0,     0,     0,     0,     0,     0,     0,     0,
       0,     0,    49,    50,    51,     0,     0,     0,     0,     0,
       0,    52,    53,     0,   258,    54,     0,    55,    56,    16,
       0,    17,    18,    19,    20,    21,     0,     0,    22,    23,
      24,    25,    26,     0,    27,    28,    29,    30,    31,    32,
       0,     0,     0,     0,    33,     0,     0,     0,     0,     0,
       0,     0,     0,     0,     0,     0,     0,     0,    34,     0,
      35,    36,    37,    38,    39,    40,     0,     0,     0,     0,
      41,    42,    43,    44,    45,    46,    47,     0,     0,     0,
       0,     0,     0,     0,     0,     0,    48,     0,     0,     0,
       0,     0,     0,     0,     0,     0,     0,     0,    49,    50,
      51,     0,     0,     0,     0,     0,     0,    52,    53,     0,
     287,    54,     0,    55,    56,    16,     0,    17,    18,    19,
      20,    21,     0,     0,    22,    23,    24,    25,    26,     0,
      27,    28,    29,    30,    31,    32,     0,     0,     0,     0,
      33,     0,     0,     0,     0,     0,     0,     0,     0,     0,
       0,     0,     0,     0,    34,     0,    35,    36,    37,    38,
      39,    40,     0,     0,     0,     0,    41,    42,    43,    44,
      45,    46,    47,     0,     0,     0,     0,     0,     0,     0,
       0,     0,    48,     0,     0,     0,     0,     0,     0,     0,
       0,     0,     0,     0,    49,    50,    51,     0,     0,     0,
       0,     0,     0,    52,    53,     0,   356,    54,     0,    55,
      56,    16,     0,    17,    18,    19,    20,    21,     0,     0,
      22,    23,    24,    25,    26,     0,    27,    28,    29,    30,
      31,    32,     0,     0,     0,     0,    33,     0,     0,     0,
       0,     0,     0,     0,     0,     0,     0,     0,     0,     0,
      34,     0,    35,    36,    37,    38,    39,    40,     0,     0,
       0,     0,    41,    42,    43,    44,    45,    46,    47,     0,
       0,     0,     0,     0,     0,     0,     0,     0,    48,   168,
       0,     0,     0,     0,     0,     0,   169,   170,   171,   172,
      49,    50,    51,     0,     0,     0,     0,     0,     0,    52,
      53,     0,     0,    54,     0,    55,    56,     0,   173,   174,
     349,   175,   176,   177,   178,   179,   180,   181,     0,     0,
       0,     0,   182,   183,   184,   185,   186,   168,     0,   187,
       0,     0,     0,     0,   169,   170,   171,   172,     0,     0,
       0,     0,     0,     0,     0,     0,     0,     0,     0,     0,
       0,     0,     0,     0,     0,     0,   173,   174,     0,   175,
     176,   177,   178,   179,   180,   181,     0,     0,     0,     0,
     182,   183,   184,   185,   186,     0,     0,   187
};

#define yypact_value_is_default(yystate) \
  ((yystate) == (-431))

#define yytable_value_is_error(yytable_value) \
  ((yytable_value) == (-255))

static const yytype_int16 yycheck[] =
{
      10,    11,    12,   210,    15,    40,    46,     9,    46,     9,
     126,   115,   315,    48,    16,     9,   334,    15,    16,     9,
      20,     9,    11,    11,   454,    25,   425,     0,    20,    39,
       9,    12,    42,    25,    19,    20,    21,   141,    23,    24,
      23,    43,     9,    20,    21,    11,    23,    24,    79,     9,
      26,    23,    54,    20,   103,    40,    41,     9,    25,    11,
      20,    46,   103,    40,    41,    25,    15,    16,    17,   316,
      55,    56,   319,   320,    77,     9,   107,    11,    55,    56,
     115,   103,    92,    15,    16,   103,   516,    12,    98,     9,
      12,    11,   102,   103,    75,    76,    77,     9,   133,    11,
      17,    18,   420,   310,    89,   105,   141,   105,   507,    98,
     104,   121,   228,    30,   104,   103,   118,    34,    67,   122,
      79,   104,    39,   125,   126,    42,     9,   103,    45,   447,
      47,   103,    49,    50,    51,    52,    53,     9,   105,   106,
     103,   126,   144,    72,    73,   105,   393,    43,    44,   126,
      75,    76,    77,    75,    76,    77,   105,    20,   143,   161,
     162,   163,   103,   165,   166,   167,    12,   207,     9,   207,
      11,   103,   303,   105,   305,    96,    97,    98,   385,   103,
     101,   428,    10,   430,   103,   196,   188,   189,   190,   191,
     192,   193,   194,   195,   229,    75,    76,    77,   201,   202,
     203,   204,   187,   206,   214,   208,   209,    12,   211,   212,
     103,   514,    12,   103,   103,   217,   218,   219,   220,   221,
     222,    45,   207,   104,   104,   103,   228,   103,   332,    75,
      76,    77,   479,   102,     9,   102,    11,    69,   240,    11,
      15,    16,    17,    20,   360,   492,    21,   164,   250,   456,
      26,   168,   169,   170,   171,   172,   173,   174,   175,   176,
     177,   178,   179,   180,   181,    20,   183,   103,    69,    12,
      75,    76,    77,   275,   276,    75,    76,    77,    10,   102,
     282,    12,    11,    75,    76,    77,   296,    62,   427,    12,
      23,    67,    11,   432,    77,   434,   435,   332,   283,   106,
     302,   303,   304,   305,   106,   308,   283,    75,    76,    77,
     102,   450,   451,   106,   316,   318,    92,   319,   320,   423,
     106,   460,   307,    75,    76,    77,   336,   103,   103,   105,
     105,   106,    75,    76,    77,   474,   104,   106,   459,   478,
     103,   480,    18,   345,    75,    76,    77,   387,    20,   387,
     471,   472,    75,    76,    77,    75,    76,    77,   360,    75,
      76,    77,   483,    75,    76,    77,   505,   370,   103,   103,
     373,   374,   493,   512,   495,   105,    58,    59,    60,    61,
     102,    23,   521,    23,   104,   388,   102,    10,   423,    10,
     102,   393,   513,    10,    10,   397,    75,    76,    77,    10,
      20,    23,   387,    85,    86,    87,    88,    89,    58,    59,
      60,    61,    94,    95,    96,    97,    98,   102,   102,   101,
      75,    76,    77,   104,   102,   104,   428,   102,   430,   440,
       9,   102,   349,   102,   102,   102,   446,   448,    88,    89,
     102,    75,    76,    77,    94,    95,    96,    97,    98,   104,
     102,   101,    12,   463,    10,   102,   458,     9,   104,   469,
       0,   102,   473,    75,    76,    77,    75,    76,    77,     9,
     104,    11,    12,    71,   104,   486,   102,   479,   102,     9,
     490,    70,    75,    76,    77,   103,    58,    59,    60,    61,
     492,   501,   104,   102,   104,   102,    19,   508,   102,    39,
      40,    41,    42,   102,    12,   515,    46,    98,    48,   102,
     458,    51,   198,   514,    86,    87,    88,    89,    58,    59,
      60,    61,    94,    95,    96,    97,    98,    33,    82,   101,
     372,   387,    75,    76,    77,    75,    76,    77,     0,    79,
      80,    81,    82,    83,    84,    85,    86,    87,    88,    89,
      12,   421,    -1,   207,    94,    95,    96,    97,    98,   102,
      -1,   101,   102,    -1,   104,    -1,    -1,   107,    75,    76,
      77,    60,    61,    -1,    -1,    -1,    -1,    39,    40,    41,
      42,    -1,    -1,    -1,    46,    -1,    48,    -1,    -1,    51,
      -1,    -1,    -1,    -1,    -1,   102,    58,    59,    60,    61,
      89,    -1,    -1,    -1,    -1,    94,    95,    96,    97,    98,
      -1,    -1,   101,    75,    76,    77,    -1,    79,    80,    81,
      82,    83,    84,    85,    86,    87,    88,    89,    -1,    -1,
      -1,    -1,    94,    95,    96,    97,    98,     0,     1,   101,
     102,    -1,   104,    -1,    -1,   107,     9,    -1,    11,    -1,
      13,    14,    15,    16,    17,    -1,    -1,    20,    21,    22,
      23,    24,    -1,    26,    27,    28,    29,    30,    31,    32,
      33,    34,    35,    36,    37,    38,    39,    40,    41,    42,
      -1,    -1,    60,    46,    47,    48,    49,    50,    -1,    52,
      53,    54,    55,    56,    57,    -1,    -1,    -1,    -1,    62,
      63,    64,    65,    66,    67,    68,    94,    95,    96,    97,
      98,    89,    -1,   101,    -1,    78,    94,    95,    96,    97,
      98,    -1,    -1,   101,    -1,    -1,    -1,    90,    91,    92,
       3,     4,     5,     6,     7,     8,    99,   100,     0,     1,
     103,   104,   105,   106,    -1,    -1,    -1,     9,    -1,    11,
      -1,    13,    14,    15,    16,    17,    -1,    -1,    20,    21,
      22,    23,    24,    -1,    26,    27,    28,    29,    30,    31,
      32,    33,    34,    35,    36,    37,    38,    39,    40,    41,
      42,    -1,    -1,    -1,    46,    47,    48,    49,    50,    -1,
      52,    53,    54,    55,    56,    57,    -1,    -1,    -1,    -1,
      62,    63,    64,    65,    66,    67,    68,    -1,    -1,    -1,
      -1,    -1,    89,    -1,    -1,    -1,    78,    94,    95,    96,
      97,    98,    -1,    -1,   101,    -1,    -1,    -1,    90,    91,
      92,    -1,    -1,    -1,    -1,    -1,    -1,    99,   100,     1,
      -1,   103,   104,   105,   106,    -1,    -1,     9,    10,    11,
      -1,    13,    14,    15,    16,    17,    -1,    -1,    20,    21,
      22,    23,    24,    -1,    26,    27,    28,    29,    30,    31,
      32,    33,    34,    35,    36,    37,    38,    39,    40,    41,
      42,    -1,    -1,    -1,    46,    47,    48,    49,    50,    -1,
      52,    53,    54,    55,    56,    57,    -1,    -1,    -1,    -1,
      62,    63,    64,    65,    66,    67,    68,    -1,    -1,    -1,
      -1,    -1,    -1,    -1,    -1,    -1,    78,    -1,    -1,    -1,
      -1,    -1,    -1,    -1,    -1,    -1,    -1,    -1,    90,    91,
      92,    -1,    -1,    -1,    -1,    -1,    -1,    99,   100,     1,
      -1,   103,   104,   105,   106,    -1,    -1,     9,    10,    11,
      -1,    13,    14,    15,    16,    17,    -1,    -1,    20,    21,
      22,    23,    24,    -1,    26,    27,    28,    29,    30,    31,
      32,    33,    34,    35,    36,    37,    38,    39,    40,    41,
      42,    -1,    -1,    -1,    46,    47,    48,    49,    50,    -1,
      52,    53,    54,    55,    56,    57,    -1,    -1,    -1,    -1,
      62,    63,    64,    65,    66,    67,    68,    -1,    -1,    -1,
      -1,    -1,    -1,    -1,    -1,    -1,    78,    -1,    -1,    -1,
      -1,    -1,    -1,    -1,    -1,    -1,    -1,    -1,    90,    91,
      92,    -1,    -1,    -1,    -1,    -1,    -1,    99,   100,     1,
      -1,   103,   104,   105,   106,    -1,    -1,     9,    10,    11,
      -1,    13,    14,    15,    16,    17,    -1,    -1,    20,    21,
      22,    23,    24,    -1,    26,    27,    28,    29,    30,    31,
      32,    33,    34,    35,    36,    37,    38,    39,    40,    41,
      42,    -1,    -1,    -1,    46,    47,    48,    49,    50,    -1,
      52,    53,    54,    55,    56,    57,    -1,    -1,    -1,    -1,
      62,    63,    64,    65,    66,    67,    68,    -1,    -1,    -1,
      -1,    -1,    -1,    -1,    -1,    -1,    78,    -1,    -1,    -1,
      -1,    -1,    -1,    -1,    -1,    -1,    -1,    -1,    90,    91,
      92,    -1,    -1,    -1,    -1,    -1,    -1,    99,   100,     1,
      -1,   103,   104,   105,   106,    -1,    -1,     9,    10,    11,
      -1,    13,    14,    15,    16,    17,    -1,    -1,    20,    21,
      22,    23,    24,    -1,    26,    27,    28,    29,    30,    31,
      32,    33,    34,    35,    36,    37,    38,    39,    40,    41,
      42,    -1,    -1,    -1,    46,    47,    48,    49,    50,    -1,
      52,    53,    54,    55,    56,    57,    -1,    -1,    -1,    -1,
      62,    63,    64,    65,    66,    67,    68,    -1,    -1,    -1,
      -1,    -1,    -1,    -1,    -1,    -1,    78,    -1,    -1,    -1,
      -1,    -1,    -1,    -1,    -1,    -1,    -1,    -1,    90,    91,
      92,    -1,    -1,    -1,    -1,    -1,    -1,    99,   100,     1,
      -1,   103,   104,   105,   106,    -1,    -1,     9,    10,    11,
      -1,    13,    14,    15,    16,    17,    -1,    -1,    20,    21,
      22,    23,    24,    -1,    26,    27,    28,    29,    30,    31,
      32,    33,    34,    35,    36,    37,    38,    39,    40,    41,
      42,    -1,    -1,    -1,    46,    47,    48,    49,    50,    -1,
      52,    53,    54,    55,    56,    57,    -1,    -1,    -1,    -1,
      62,    63,    64,    65,    66,    67,    68,    -1,    -1,    -1,
      -1,    -1,    -1,    -1,    -1,    -1,    78,    -1,    -1,    -1,
      -1,    -1,    -1,    -1,    -1,    -1,    -1,    -1,    90,    91,
      92,    -1,    -1,    -1,    -1,    -1,    -1,    99,   100,     1,
      -1,   103,   104,   105,   106,    -1,    -1,     9,    -1,    11,
      -1,    13,    14,    15,    16,    17,    -1,    -1,    20,    21,
      22,    23,    24,    -1,    26,    27,    28,    29,    30,    31,
      32,    33,    34,    35,    36,    37,    38,    39,    40,    41,
      42,    -1,    -1,    -1,    46,    47,    48,    49,    50,    -1,
      52,    53,    54,    55,    56,    57,    -1,    -1,    -1,    -1,
      62,    63,    64,    65,    66,    67,    68,    -1,    -1,    71,
      -1,    -1,    -1,    -1,    -1,    -1,    78,    -1,    -1,    -1,
      -1,    -1,    -1,    -1,    -1,    -1,    -1,    -1,    90,    91,
      92,    -1,    -1,    -1,    -1,    -1,    -1,    99,   100,     1,
      -1,   103,   104,   105,   106,    -1,    -1,     9,    -1,    11,
      -1,    13,    14,    15,    16,    17,    -1,    -1,    20,    21,
      22,    23,    24,    -1,    26,    27,    28,    29,    30,    31,
      32,    33,    34,    35,    36,    37,    38,    39,    40,    41,
      42,    -1,    -1,    -1,    46,    47,    48,    49,    50,    -1,
      52,    53,    54,    55,    56,    57,    -1,    -1,    -1,    -1,
      62,    63,    64,    65,    66,    67,    68,    -1,    -1,    -1,
      -1,    -1,    -1,    -1,    -1,    -1,    78,    -1,    -1,    -1,
      -1,    -1,    -1,    -1,    -1,    -1,    -1,    -1,    90,    91,
      92,    -1,    -1,    -1,    -1,    -1,    -1,    99,   100,     1,
      -1,   103,   104,   105,   106,    -1,    -1,     9,    -1,    11,
      -1,    13,    14,    15,    16,    17,    -1,    -1,    20,    21,
      22,    23,    24,    -1,    26,    27,    28,    29,    30,    31,
      32,    -1,    34,    35,    36,    37,    38,    39,    40,    41,
      42,    -1,    -1,    -1,    46,    47,    48,    49,    50,    -1,
      52,    53,    54,    55,    56,    57,    -1,    -1,    -1,    -1,
      62,    63,    64,    65,    66,    67,    68,    -1,    -1,    -1,
      -1,    -1,    -1,    -1,    -1,    -1,    78,    -1,    -1,    -1,
      -1,    -1,    -1,    -1,    -1,    -1,    -1,    -1,    90,    91,
      92,    -1,    -1,    -1,    -1,     1,    -1,    99,   100,    -1,
      -1,   103,   104,   105,   106,    11,    -1,    13,    14,    15,
      16,    17,    -1,    -1,    20,    21,    22,    23,    24,    -1,
      26,    27,    28,    29,    30,    31,    -1,    -1,    -1,    -1,
      36,    -1,    -1,    51,    -1,    -1,    -1,    -1,    -1,    -1,
      58,    59,    60,    61,    50,    -1,    52,    53,    54,    55,
      56,    57,    -1,    -1,    -1,    -1,    62,    63,    64,    65,
      66,    67,    68,    81,    -1,    83,    84,    85,    86,    87,
      88,    89,    78,    -1,    -1,    -1,    94,    95,    96,    97,
      98,    -1,    -1,   101,    90,    91,    92,    -1,    -1,    -1,
      -1,     1,    -1,    99,   100,    -1,    -1,   103,   104,   105,
     106,    11,    -1,    13,    14,    15,    16,    17,    -1,    -1,
      20,    21,    22,    23,    24,    -1,    26,    27,    28,    29,
      30,    31,    -1,    -1,    -1,    -1,    36,    51,    -1,    -1,
      -1,    -1,    -1,    -1,    58,    59,    60,    61,    -1,    -1,
      50,    -1,    52,    53,    54,    55,    56,    57,    -1,    -1,
      -1,    -1,    62,    63,    64,    65,    66,    67,    68,    83,
      84,    85,    86,    87,    88,    89,    -1,    -1,    78,    -1,
      94,    95,    96,    97,    98,    -1,    -1,   101,    -1,    -1,
      90,    91,    92,    -1,    -1,    -1,    -1,    -1,    -1,    99,
     100,    -1,   102,   103,    -1,   105,   106,     9,    -1,    11,
      -1,    13,    14,    15,    16,    17,    -1,    -1,    20,    21,
      22,    23,    24,    25,    26,    27,    28,    29,    30,    31,
      -1,    -1,    -1,    -1,    36,    -1,    -1,    -1,    -1,    -1,
      -1,    58,    59,    60,    61,    -1,    -1,    -1,    50,    -1,
      52,    53,    54,    55,    56,    57,    -1,    -1,    -1,    -1,
      62,    63,    64,    65,    66,    67,    68,    -1,    -1,    -1,
      87,    88,    89,    -1,    -1,    -1,    78,    94,    95,    96,
      97,    98,    -1,    -1,   101,    -1,    -1,    -1,    90,    91,
      92,    -1,    -1,    39,    40,    41,    42,    99,   100,    -1,
      46,   103,    48,   105,   106,     9,    -1,    11,    -1,    13,
      14,    15,    16,    17,    -1,    -1,    20,    21,    22,    23,
      24,    -1,    26,    27,    28,    29,    30,    31,    -1,    75,
      76,    77,    36,    -1,    -1,    -1,    -1,    -1,    -1,    58,
      59,    60,    61,    -1,    -1,    -1,    50,    -1,    52,    53,
      54,    55,    56,    57,    -1,    -1,    -1,    -1,    62,    63,
      64,    65,    66,    67,    68,    -1,    -1,    -1,    -1,    88,
      89,    -1,    -1,    -1,    78,    94,    95,    96,    97,    98,
      -1,    -1,   101,    -1,    -1,    -1,    90,    91,    92,    -1,
      -1,    -1,    -1,    -1,    -1,    99,   100,    -1,    -1,   103,
      -1,   105,   106,    11,    12,    13,    14,    15,    16,    17,
      -1,    -1,    20,    21,    22,    23,    24,    -1,    26,    27,
      28,    29,    30,    31,    -1,    -1,    -1,    -1,    36,    -1,
      -1,    -1,    -1,    -1,    -1,    58,    -1,    60,    61,    -1,
      -1,    -1,    50,    -1,    52,    53,    54,    55,    56,    57,
      -1,    -1,    -1,    -1,    62,    63,    64,    65,    66,    67,
      68,    -1,    -1,    -1,    -1,    88,    89,    -1,    -1,    -1,
      78,    94,    95,    96,    97,    98,    -1,    -1,   101,    -1,
      -1,    -1,    90,    91,    92,    -1,    -1,    -1,    -1,    -1,
      -1,    99,   100,    60,    61,   103,    -1,   105,   106,    11,
      -1,    13,    14,    15,    16,    17,    -1,    -1,    20,    21,
      22,    23,    24,    -1,    26,    27,    28,    29,    30,    31,
      -1,    88,    89,    -1,    36,    -1,    -1,    94,    95,    96,
      97,    98,    -1,    -1,   101,    -1,    -1,    -1,    50,    -1,
      52,    53,    54,    55,    56,    57,    -1,    -1,    -1,    -1,
      62,    63,    64,    65,    66,    67,    68,    -1,    -1,    -1,
      -1,    -1,    -1,    -1,    -1,    -1,    78,    -1,    -1,    -1,
      -1,    -1,    -1,    -1,    -1,    -1,    -1,    -1,    90,    91,
      92,    -1,    -1,    -1,    -1,    -1,    -1,    99,   100,    -1,
      -1,   103,   104,   105,   106,    11,    -1,    13,    14,    15,
      16,    17,    -1,    -1,    20,    21,    22,    23,    24,    -1,
      26,    27,    28,    29,    30,    31,    -1,    -1,    -1,    -1,
      36,    -1,    -1,    -1,    -1,    -1,    -1,    -1,    -1,    -1,
      -1,    -1,    -1,    -1,    50,    -1,    52,    53,    54,    55,
      56,    57,    -1,    -1,    -1,    -1,    62,    63,    64,    65,
      66,    67,    68,    -1,    -1,    -1,    -1,    -1,    -1,    -1,
      -1,    -1,    78,    -1,    -1,    -1,    -1,    -1,    -1,    -1,
      -1,    -1,    -1,    -1,    90,    91,    92,    -1,    -1,    -1,
      -1,    -1,    -1,    99,   100,    -1,   102,   103,    -1,   105,
     106,    11,    -1,    13,    14,    15,    16,    17,    -1,    -1,
      20,    21,    22,    23,    24,    -1,    26,    27,    28,    29,
      30,    31,    -1,    -1,    -1,    -1,    36,    -1,    -1,    -1,
      -1,    -1,    -1,    -1,    -1,    -1,    -1,    -1,    -1,    -1,
      50,    -1,    52,    53,    54,    55,    56,    57,    -1,    -1,
      -1,    -1,    62,    63,    64,    65,    66,    67,    68,    -1,
      -1,    -1,    -1,    -1,    -1,    -1,    -1,    -1,    78,    -1,
      -1,    -1,    -1,    -1,    -1,    -1,    -1,    -1,    -1,    -1,
      90,    91,    92,    -1,    -1,    -1,    -1,    -1,    -1,    99,
     100,    -1,   102,   103,    -1,   105,   106,    11,    -1,    13,
      14,    15,    16,    17,    -1,    -1,    20,    21,    22,    23,
      24,    -1,    26,    27,    28,    29,    30,    31,    -1,    -1,
      -1,    -1,    36,    -1,    -1,    -1,    -1,    -1,    -1,    -1,
      -1,    -1,    -1,    -1,    -1,    -1,    50,    -1,    52,    53,
      54,    55,    56,    57,    -1,    -1,    -1,    -1,    62,    63,
      64,    65,    66,    67,    68,    -1,    -1,    -1,    -1,    -1,
      -1,    -1,    -1,    -1,    78,    -1,    -1,    -1,    -1,    -1,
      -1,    -1,    -1,    -1,    -1,    -1,    90,    91,    92,    -1,
      -1,    -1,    -1,    -1,    -1,    99,   100,    -1,   102,   103,
      -1,   105,   106,    11,    -1,    13,    14,    15,    16,    17,
      -1,    -1,    20,    21,    22,    23,    24,    -1,    26,    27,
      28,    29,    30,    31,    -1,    -1,    -1,    -1,    36,    -1,
      -1,    -1,    -1,    -1,    -1,    -1,    -1,    -1,    -1,    -1,
      -1,    -1,    50,    -1,    52,    53,    54,    55,    56,    57,
      -1,    -1,    -1,    -1,    62,    63,    64,    65,    66,    67,
      68,    -1,    -1,    -1,    -1,    -1,    -1,    -1,    -1,    -1,
      78,    -1,    -1,    -1,    -1,    -1,    -1,    -1,    -1,    -1,
      -1,    -1,    90,    91,    92,    -1,    -1,    -1,    -1,    -1,
      -1,    99,   100,    -1,   102,   103,    -1,   105,   106,    11,
      -1,    13,    14,    15,    16,    17,    -1,    -1,    20,    21,
      22,    23,    24,    -1,    26,    27,    28,    29,    30,    31,
      -1,    -1,    -1,    -1,    36,    -1,    -1,    -1,    -1,    -1,
      -1,    -1,    -1,    -1,    -1,    -1,    -1,    -1,    50,    -1,
      52,    53,    54,    55,    56,    57,    -1,    -1,    -1,    -1,
      62,    63,    64,    65,    66,    67,    68,    -1,    -1,    -1,
      -1,    -1,    -1,    -1,    -1,    -1,    78,    -1,    -1,    -1,
      -1,    -1,    -1,    -1,    -1,    -1,    -1,    -1,    90,    91,
      92,    -1,    -1,    -1,    -1,    -1,    -1,    99,   100,    -1,
     102,   103,    -1,   105,   106,    11,    -1,    13,    14,    15,
      16,    17,    -1,    -1,    20,    21,    22,    23,    24,    -1,
      26,    27,    28,    29,    30,    31,    -1,    -1,    -1,    -1,
      36,    -1,    -1,    -1,    -1,    -1,    -1,    -1,    -1,    -1,
      -1,    -1,    -1,    -1,    50,    -1,    52,    53,    54,    55,
      56,    57,    -1,    -1,    -1,    -1,    62,    63,    64,    65,
      66,    67,    68,    -1,    -1,    -1,    -1,    -1,    -1,    -1,
      -1,    -1,    78,    -1,    -1,    -1,    -1,    -1,    -1,    -1,
      -1,    -1,    -1,    -1,    90,    91,    92,    -1,    -1,    -1,
      -1,    -1,    -1,    99,   100,    -1,   102,   103,    -1,   105,
     106,    11,    -1,    13,    14,    15,    16,    17,    -1,    -1,
      20,    21,    22,    23,    24,    -1,    26,    27,    28,    29,
      30,    31,    -1,    -1,    -1,    -1,    36,    -1,    -1,    -1,
      -1,    -1,    -1,    -1,    -1,    -1,    -1,    -1,    -1,    -1,
      50,    -1,    52,    53,    54,    55,    56,    57,    -1,    -1,
      -1,    -1,    62,    63,    64,    65,    66,    67,    68,    -1,
      -1,    -1,    -1,    -1,    -1,    -1,    -1,    -1,    78,    51,
      -1,    -1,    -1,    -1,    -1,    -1,    58,    59,    60,    61,
      90,    91,    92,    -1,    -1,    -1,    -1,    -1,    -1,    99,
     100,    -1,    -1,   103,    -1,   105,   106,    -1,    80,    81,
      82,    83,    84,    85,    86,    87,    88,    89,    -1,    -1,
      -1,    -1,    94,    95,    96,    97,    98,    51,    -1,   101,
      -1,    -1,    -1,    -1,    58,    59,    60,    61,    -1,    -1,
      -1,    -1,    -1,    -1,    -1,    -1,    -1,    -1,    -1,    -1,
      -1,    -1,    -1,    -1,    -1,    -1,    80,    81,    -1,    83,
      84,    85,    86,    87,    88,    89,    -1,    -1,    -1,    -1,
      94,    95,    96,    97,    98,    -1,    -1,   101
};

/* YYSTOS[STATE-NUM] -- The (internal number of the) accessing
   symbol of state STATE-NUM.  */
static const yytype_uint8 yystos[] =
{
       0,     3,     4,     5,     6,     7,     8,   109,   110,   111,
     112,   113,   114,   115,     0,   118,    11,    13,    14,    15,
      16,    17,    20,    21,    22,    23,    24,    26,    27,    28,
      29,    30,    31,    36,    50,    52,    53,    54,    55,    56,
      57,    62,    63,    64,    65,    66,    67,    68,    78,    90,
      91,    92,    99,   100,   103,   105,   106,   155,   156,   157,
     160,   161,   162,   163,   164,   165,   167,   170,   177,   178,
     179,   181,   182,   183,   184,   185,   186,     9,   116,     1,
      32,    34,    35,    37,    38,    39,    40,    41,    42,    46,
      47,    48,    49,   104,   116,   125,   135,   155,    33,   123,
     124,   125,   121,   121,    12,   155,   165,   165,    20,    25,
     116,   178,   187,   187,   187,   187,   187,   166,    11,   103,
     165,   147,   147,   165,   103,   103,   103,   116,   165,    20,
     156,   169,   178,   187,   187,   116,   165,   104,   155,    20,
      25,   149,   165,    15,   103,   168,   178,   179,   180,   181,
     165,   156,   165,   165,   165,   165,   165,   102,   155,   187,
     187,    75,    76,    77,    79,     9,    11,   103,    51,    58,
      59,    60,    61,    80,    81,    83,    84,    85,    86,    87,
      88,    89,    94,    95,    96,    97,    98,   101,   103,     9,
      11,     9,    11,     9,    11,     9,   118,   148,   149,    20,
     146,   103,   103,   103,   103,    26,    67,    92,   103,   172,
     178,   103,   103,   116,    45,   137,   104,    39,    40,    41,
      42,    46,    48,   124,   125,   123,    12,   169,   103,   103,
     155,   102,   116,    23,   118,   150,   102,   102,   155,   170,
     187,   156,    10,   104,   169,    25,   102,   155,    69,   152,
      11,   102,   155,   155,   155,   165,   155,   155,   102,   155,
     165,   165,   165,   165,   165,   165,   165,   165,   165,   165,
     165,   165,   165,   165,   165,     9,    11,    15,    16,    17,
      21,    62,   103,   105,   106,   159,   178,   102,   155,   155,
     155,   155,   155,   155,   155,   155,   121,    20,   145,   146,
      20,   128,   118,   118,   118,   118,   173,   118,    67,   175,
     176,   177,   178,   179,   181,   118,   118,   103,   172,   118,
     118,   116,   155,   141,   155,   155,   155,   155,   155,   170,
     156,    12,   158,   103,   153,    69,   151,   102,   102,   155,
      10,    11,   102,    23,   155,    11,   104,    12,   102,    82,
     155,   155,   106,   106,   106,   106,   102,   155,   106,   106,
     103,   102,   104,    12,   104,    12,   104,    12,   104,    10,
      18,   117,   126,   127,     9,   104,    20,   140,   155,   141,
     142,   155,   141,   144,   103,   174,   178,   118,   172,   135,
     139,   143,   142,   118,   142,   142,   102,   107,   171,   169,
      72,    73,   151,    23,   116,   102,    23,    12,   155,    10,
     165,   104,    12,   102,   170,    10,    10,    10,    10,   118,
     150,   118,   118,    20,   102,   102,   102,   102,   172,   175,
     118,   104,   102,   142,   102,   102,   155,   102,   102,   102,
       9,    12,    12,    10,   102,   104,   151,   153,   132,   169,
     138,   138,     9,   119,   119,   142,   131,   142,   129,   119,
     102,   119,   119,   121,    71,   104,   116,   154,   151,   121,
     104,   119,   119,   120,    43,    44,   136,   136,   102,   172,
     102,   140,   137,   119,    10,   122,     9,    10,   137,   137,
     121,   119,   103,   119,   142,   119,   104,   137,    23,   104,
     133,   121,    10,   142,   137,   102,   137,   130,    70,   134,
      19,    10,   102,   119,   138,   121,   119,   137,   143,    71,
     136,   102,   119
};

typedef enum {
	toketype_ival, toketype_opval, toketype_pval
} toketypes;

/* type of each token/terminal */
static const toketypes yy_type_tab[] =
{
  toketype_ival, toketype_ival, toketype_ival, toketype_ival, toketype_ival, toketype_ival,
  toketype_ival, toketype_ival, toketype_ival, toketype_ival, toketype_ival, toketype_ival,
  toketype_ival, toketype_ival, toketype_ival, toketype_ival, toketype_ival, toketype_ival, toketype_ival, toketype_ival, toketype_opval, toketype_opval,
  toketype_opval, toketype_opval, toketype_opval, toketype_opval, toketype_opval, toketype_opval,
  toketype_opval, toketype_opval, toketype_opval, toketype_opval, toketype_opval, toketype_pval,
  toketype_ival, toketype_ival, toketype_ival, toketype_ival, toketype_ival, toketype_ival, toketype_ival, toketype_ival,
  toketype_ival, toketype_ival, toketype_ival, toketype_ival, toketype_ival, toketype_ival, toketype_ival, toketype_ival,
  toketype_ival, toketype_ival, toketype_ival, toketype_ival, toketype_ival, toketype_ival, toketype_ival,
  toketype_ival, toketype_ival, toketype_ival, toketype_ival, toketype_ival, toketype_ival, toketype_ival,
  toketype_ival, toketype_ival, toketype_ival, toketype_ival, toketype_ival, toketype_ival,
  toketype_ival, toketype_ival, toketype_ival, toketype_ival, toketype_ival,
  toketype_ival, toketype_ival, toketype_ival, toketype_ival, toketype_ival, toketype_ival, toketype_ival, toketype_ival,
  toketype_ival, toketype_ival, toketype_ival, toketype_ival, toketype_ival, toketype_ival, toketype_ival,
  toketype_ival, toketype_ival, toketype_ival, toketype_ival, toketype_ival, toketype_ival, toketype_ival,
  toketype_ival, toketype_ival, toketype_ival, toketype_ival, toketype_ival, toketype_ival, toketype_ival, toketype_ival,
  toketype_ival, toketype_ival, toketype_ival, toketype_ival, toketype_ival, toketype_ival, toketype_ival, toketype_ival, toketype_ival,
  toketype_ival, toketype_ival, toketype_opval, toketype_opval, toketype_ival, toketype_opval, toketype_ival,
  toketype_opval, toketype_opval, toketype_opval, toketype_opval, toketype_opval, toketype_ival,
  toketype_ival, toketype_ival, toketype_ival, toketype_ival, toketype_ival, toketype_ival, toketype_opval, toketype_opval,
  toketype_opval, toketype_opval, toketype_opval, toketype_ival, toketype_opval, toketype_opval, toketype_opval, toketype_opval,
  toketype_opval, toketype_opval, toketype_opval, toketype_ival, toketype_ival,
  toketype_ival, toketype_opval, toketype_opval, toketype_opval, toketype_opval,
  toketype_opval, toketype_opval, toketype_opval, toketype_opval, toketype_opval, toketype_ival,
  toketype_opval, toketype_opval, toketype_opval, toketype_opval, toketype_opval, toketype_opval,
  toketype_opval, toketype_ival, toketype_opval, toketype_opval, toketype_opval, toketype_opval,
  toketype_opval, toketype_ival, toketype_ival, toketype_opval, toketype_opval, toketype_opval,
  toketype_opval, toketype_opval, toketype_opval, toketype_opval, toketype_opval, toketype_opval, toketype_opval,
  toketype_opval, toketype_opval, toketype_opval, toketype_opval
};

/* Generated from:
 * 5c2337bf269f0b1e1810ebfb7b4784fc0c87e7d4140fae634a85727e73164509 perly.y
 * af369e0c00095e7003f0182d06a52d35c908c9d43a864a7e300b79c1d34fbfdc regen_perly.pl
 * ex: set ro: */
