/* ex: set ro ft=c: -*- mode: c; buffer-read-only: t -*-
   !!!!!!!   DO NOT EDIT THIS FILE   !!!!!!!
   This file is built by regen_perly.pl from perly.y.
   Any changes made here will be lost!
 */

#define YYFINAL  14
/* YYLAST -- Last index in YYTABLE.  */
#define YYLAST   3590

/* YYNTOKENS -- Number of terminals.  */
#define YYNTOKENS  114
/* YYNNTS -- Number of nonterminals.  */
#define YYNNTS  89
/* YYNRULES -- Number of rules.  */
#define YYNRULES  284
/* YYNRULES -- Number of states.  */
#define YYNSTATES  581

/* YYTRANSLATE(YYLEX) -- Bison symbol number corresponding to YYLEX.  */
#define YYUNDEFTOK  2
#define YYMAXUTOK   346

#define YYTRANSLATE(YYX)						\
  ((unsigned int) (YYX) <= YYMAXUTOK ? yytranslate[YYX] : YYUNDEFTOK)

/* YYTRANSLATE[YYLEX] -- Bison symbol number corresponding to YYLEX.  */
static const yytype_uint8 yytranslate[] =
{
       0,     2,     2,     2,     2,     2,     2,     2,     2,     2,
       2,     2,     2,     2,     2,     2,     2,     2,     2,     2,
       2,     2,     2,     2,     2,     2,     2,     2,     2,     2,
       2,     2,     2,    96,     2,     2,   111,    16,    17,     2,
     109,   108,   112,    14,    85,    13,    19,   113,     2,     2,
       2,     2,     2,     2,     2,     2,     2,     2,    88,   110,
       2,    18,     2,    87,    15,     2,     2,     2,     2,     2,
       2,     2,     2,     2,     2,     2,     2,     2,     2,     2,
       2,     2,     2,     2,     2,     2,     2,     2,     2,     2,
       2,    11,     2,    12,     2,     2,     2,     2,     2,     2,
       2,     2,     2,     2,     2,     2,     2,     2,     2,     2,
       2,     2,     2,     2,     2,     2,     2,     2,     2,     2,
       2,     2,     2,     9,     2,    10,    97,     2,     2,     2,
       2,     2,     2,     2,     2,     2,     2,     2,     2,     2,
       2,     2,     2,     2,     2,     2,     2,     2,     2,     2,
       2,     2,     2,     2,     2,     2,     2,     2,     2,     2,
       2,     2,     2,     2,     2,     2,     2,     2,     2,     2,
       2,     2,     2,     2,     2,     2,     2,     2,     2,     2,
       2,     2,     2,     2,     2,     2,     2,     2,     2,     2,
       2,     2,     2,     2,     2,     2,     2,     2,     2,     2,
       2,     2,     2,     2,     2,     2,     2,     2,     2,     2,
       2,     2,     2,     2,     2,     2,     2,     2,     2,     2,
       2,     2,     2,     2,     2,     2,     2,     2,     2,     2,
       2,     2,     2,     2,     2,     2,     2,     2,     2,     2,
       2,     2,     2,     2,     2,     2,     2,     2,     2,     2,
       2,     2,     2,     2,     2,     2,     1,     2,     3,     4,
       5,     6,     7,     8,    20,    21,    22,    23,    24,    25,
      26,    27,    28,    29,    30,    31,    32,    33,    34,    35,
      36,    37,    38,    39,    40,    41,    42,    43,    44,    45,
      46,    47,    48,    49,    50,    51,    52,    53,    54,    55,
      56,    57,    58,    59,    60,    61,    62,    63,    64,    65,
      66,    67,    68,    69,    70,    71,    72,    73,    74,    75,
      76,    77,    78,    79,    80,    81,    82,    83,    84,    86,
      89,    90,    91,    92,    93,    94,    95,    98,    99,   100,
     101,   102,   103,   104,   105,   106,   107
};

#if YYDEBUG
/* YYPRHS[YYN] -- Index of the first RHS symbol of rule number YYN in
   YYRHS.  */
static const yytype_uint16 yyprhs[] =
{
       0,     0,     3,     4,     9,    10,    14,    15,    19,    20,
      24,    25,    29,    30,    34,    39,    47,    48,    53,    54,
      55,    58,    59,    62,    64,    66,    69,    72,    74,    79,
      80,    88,    89,   100,   101,   109,   114,   115,   123,   131,
     139,   146,   153,   156,   165,   174,   175,   176,   190,   191,
     202,   203,   213,   214,   225,   235,   243,   244,   251,   254,
     255,   264,   265,   272,   276,   279,   281,   284,   285,   289,
     291,   293,   297,   301,   305,   309,   313,   317,   318,   321,
     328,   329,   332,   333,   334,   336,   337,   339,   341,   343,
     345,   347,   348,   350,   352,   354,   355,   356,   357,   359,
     361,   362,   364,   365,   368,   370,   373,   375,   376,   380,
     382,   384,   388,   392,   396,   398,   401,   405,   407,   411,
     417,   424,   428,   432,   438,   441,   446,   447,   453,   455,
     457,   463,   468,   474,   479,   485,   492,   498,   503,   509,
     514,   518,   525,   530,   536,   540,   544,   548,   552,   556,
     560,   564,   568,   572,   576,   580,   584,   588,   592,   596,
     599,   602,   605,   608,   611,   614,   617,   620,   623,   626,
     630,   633,   638,   642,   648,   657,   660,   663,   665,   667,
     669,   671,   677,   680,   684,   686,   689,   693,   695,   698,
     700,   702,   704,   706,   708,   710,   715,   720,   726,   732,
     734,   736,   740,   745,   749,   754,   759,   764,   769,   774,
     776,   779,   782,   784,   787,   790,   792,   795,   797,   800,
     802,   806,   808,   812,   814,   818,   823,   824,   831,   833,
     835,   837,   839,   843,   846,   850,   853,   858,   866,   873,
     877,   880,   882,   884,   886,   888,   890,   892,   894,   896,
     897,   899,   900,   902,   903,   906,   908,   909,   913,   915,
     917,   919,   921,   923,   925,   928,   931,   934,   937,   940,
     946,   951,   954,   957,   962,   965,   967,   971,   973,   977,
     979,   983,   985,   987,   989
};

/* YYRHS -- A `-1'-separated list of the rules' RHS.  */
static const yytype_int16 yyrhs[] =
{
     115,     0,    -1,    -1,     3,   116,   124,   127,    -1,    -1,
       4,   117,   183,    -1,    -1,     5,   118,   122,    -1,    -1,
       6,   119,   131,    -1,    -1,     7,   120,   129,    -1,    -1,
       8,   121,   127,    -1,     9,   124,   127,    10,    -1,    18,
     124,   110,    79,   128,   110,    19,    -1,    -1,     9,   126,
     127,    10,    -1,    -1,    -1,   127,   129,    -1,    -1,   128,
     144,    -1,   131,    -1,   130,    -1,    34,   131,    -1,    34,
     130,    -1,    32,    -1,    37,   159,   155,   123,    -1,    -1,
     156,   160,   157,   132,   161,   162,   166,    -1,    -1,   156,
     160,   157,   133,   124,   164,   162,     9,   127,    10,    -1,
      -1,    42,   160,   157,   134,   164,   162,   110,    -1,    43,
      20,    20,   110,    -1,    -1,    44,   157,   135,    20,    20,
     182,   110,    -1,    47,   109,   124,   153,   108,   125,   147,
      -1,    48,   109,   124,   153,   108,   125,   147,    -1,    53,
     109,   124,   153,   108,   125,    -1,    54,   109,   124,   153,
     108,   125,    -1,    55,   122,    -1,    45,   109,   124,   151,
     108,   149,   125,   148,    -1,    46,   109,   124,   152,   108,
     149,   125,   148,    -1,    -1,    -1,    52,   109,   124,   154,
     110,   136,   151,   110,   137,   149,   154,   108,   125,    -1,
      -1,    52,    74,   124,   187,   185,   153,   108,   138,   125,
     148,    -1,    -1,    52,   192,   185,   124,   153,   108,   139,
     125,   148,    -1,    -1,    52,   190,   124,   188,   140,   109,
     153,   108,   125,   148,    -1,    52,    98,   189,   109,   124,
     153,   108,   125,   148,    -1,    52,   109,   124,   153,   108,
     125,   148,    -1,    -1,    52,   124,    26,   141,   125,   148,
      -1,   122,   148,    -1,    -1,    43,    20,    20,     9,   124,
     142,   127,    10,    -1,    -1,    33,     9,   124,   143,   127,
      10,    -1,    36,    35,   122,    -1,   146,   110,    -1,   110,
      -1,    23,   145,    -1,    -1,    78,   127,    79,    -1,     1,
      -1,   167,    -1,   167,    47,   167,    -1,   167,    48,   167,
      -1,   167,    45,   167,    -1,   167,    46,   152,    -1,   167,
      52,   167,    -1,   167,    54,   167,    -1,    -1,    49,   125,
      -1,    50,   109,   153,   108,   125,   147,    -1,    -1,    51,
     122,    -1,    -1,    -1,   146,    -1,    -1,   167,    -1,   167,
      -1,   167,    -1,   150,    -1,    20,    -1,    -1,    38,    -1,
      39,    -1,    40,    -1,    -1,    -1,    -1,    20,    -1,    25,
      -1,    -1,    23,    -1,    -1,    77,    23,    -1,    77,    -1,
      77,    23,    -1,    77,    -1,    -1,   109,   165,   108,    -1,
     122,    -1,   110,    -1,   167,    83,   167,    -1,   167,    82,
     167,    -1,   167,    81,   167,    -1,   168,    -1,   168,    85,
      -1,   168,    85,   177,    -1,   177,    -1,    63,   202,   168,
      -1,    61,   109,   202,   167,   108,    -1,   177,   107,   171,
     109,   183,   108,    -1,   177,   107,   171,    -1,    21,   202,
     182,    -1,    22,   202,   109,   183,   108,    -1,    63,   182,
      -1,    61,   109,   183,   108,    -1,    -1,    30,   158,   122,
     170,   182,    -1,    21,    -1,   192,    -1,   201,     9,   167,
     110,    10,    -1,   192,    11,   167,    12,    -1,   177,   107,
      11,   167,    12,    -1,   172,    11,   167,    12,    -1,   192,
       9,   167,   110,    10,    -1,   177,   107,     9,   167,   110,
      10,    -1,   172,     9,   167,   110,    10,    -1,   177,   107,
     109,   108,    -1,   177,   107,   109,   167,   108,    -1,   172,
     109,   167,   108,    -1,   172,   109,   108,    -1,   109,   167,
     108,    11,   167,    12,    -1,    26,    11,   167,    12,    -1,
     109,   108,    11,   167,    12,    -1,   177,    86,   177,    -1,
     177,   101,   177,    -1,   177,    66,   177,    -1,   177,    67,
     177,    -1,   177,    68,   177,    -1,   177,    94,   177,    -1,
     177,    64,   177,    -1,   177,    65,   177,    -1,   177,    93,
     177,    -1,   177,    92,   177,    -1,   177,    57,   177,    -1,
     177,    91,   177,    -1,   177,    90,   177,    -1,   177,    89,
     177,    -1,   177,    95,   177,    -1,    13,   177,    -1,    14,
     177,    -1,    96,   177,    -1,    97,   177,    -1,   177,   104,
      -1,   177,   103,    -1,   177,   102,    -1,   177,   100,    -1,
     106,   177,    -1,   105,   177,    -1,    11,   167,    12,    -1,
      11,    12,    -1,    71,   167,   110,    10,    -1,    71,   110,
      10,    -1,    41,   158,   161,   162,   122,    -1,    41,   158,
     124,   164,   162,     9,   127,    10,    -1,    70,   177,    -1,
      70,   122,    -1,   173,    -1,   174,    -1,   175,    -1,   176,
      -1,   177,    87,   177,    88,   177,    -1,    98,   177,    -1,
      74,    98,   177,    -1,   179,    -1,    73,   177,    -1,   109,
     167,   108,    -1,    26,    -1,   109,   108,    -1,   192,    -1,
     198,    -1,   196,    -1,   193,    -1,   197,    -1,   172,    -1,
     199,    11,   167,    12,    -1,   200,    11,   167,    12,    -1,
     199,     9,   167,   110,    10,    -1,   200,     9,   167,   110,
      10,    -1,    23,    -1,   191,    -1,   191,   109,   108,    -1,
     191,   109,   167,   108,    -1,    72,   160,   182,    -1,   177,
     107,   111,   112,    -1,   177,   107,    15,   112,    -1,   177,
     107,    16,   112,    -1,   177,   107,    17,   112,    -1,   177,
     107,   112,   112,    -1,    56,    -1,    56,   177,    -1,    84,
     168,    -1,    62,    -1,    62,   122,    -1,    62,   177,    -1,
      76,    -1,    76,   177,    -1,    29,    -1,    29,   177,    -1,
      59,    -1,    59,   109,   108,    -1,    27,    -1,    27,   109,
     108,    -1,    28,    -1,    60,   109,   108,    -1,    60,   109,
     167,   108,    -1,    -1,    24,   178,   109,   168,   184,   108,
      -1,    20,    -1,   169,    -1,    58,    -1,    31,    -1,    74,
     180,   163,    -1,    74,   180,    -1,    75,   181,   163,    -1,
      75,   181,    -1,    74,    98,   180,   163,    -1,    74,   195,
     163,    86,   109,   168,   108,    -1,    74,   195,    86,   109,
     168,   108,    -1,   109,   167,   108,    -1,   109,   108,    -1,
     192,    -1,   196,    -1,   194,    -1,   193,    -1,   192,    -1,
     196,    -1,   194,    -1,   193,    -1,    -1,   168,    -1,    -1,
     167,    -1,    -1,   113,   167,    -1,   109,    -1,    -1,    26,
     186,   109,    -1,   192,    -1,   192,    -1,   193,    -1,   196,
      -1,   188,    -1,   191,    -1,    74,    98,    -1,    98,    74,
      -1,    17,   202,    -1,   111,   202,    -1,    15,   202,    -1,
      15,    25,    11,    23,    12,    -1,    15,    25,    11,    12,
      -1,    16,   202,    -1,    69,   202,    -1,   177,   107,    69,
     112,    -1,   112,   202,    -1,   193,    -1,   177,   107,    15,
      -1,   196,    -1,   177,   107,    16,    -1,   198,    -1,   177,
     107,   112,    -1,    20,    -1,   192,    -1,   122,    -1,    25,
      -1
};

/* YYRLINE[YYN] -- source line where rule number YYN was defined.  */
static const yytype_uint16 yyrline[] =
{
       0,   119,   119,   118,   130,   129,   140,   139,   153,   152,
     166,   165,   179,   178,   191,   199,   207,   211,   219,   225,
     226,   236,   237,   246,   250,   254,   261,   271,   273,   284,
     283,   303,   302,   347,   346,   371,   379,   378,   388,   394,
     400,   411,   413,   415,   422,   430,   432,   429,   450,   449,
     457,   456,   465,   464,   474,   482,   489,   488,   496,   503,
     502,   518,   517,   528,   530,   534,   542,   560,   561,   566,
     568,   570,   572,   574,   576,   578,   581,   587,   588,   593,
     604,   605,   611,   617,   618,   623,   626,   630,   635,   639,
     643,   644,   647,   648,   649,   653,   658,   663,   668,   669,
     674,   675,   680,   681,   683,   688,   690,   697,   696,   719,
     720,   724,   726,   728,   730,   734,   736,   741,   745,   749,
     753,   759,   764,   770,   776,   778,   781,   780,   791,   792,
     796,   800,   803,   808,   813,   816,   820,   824,   830,   838,
     845,   851,   853,   855,   860,   862,   864,   869,   874,   876,
     878,   880,   882,   884,   886,   888,   890,   892,   894,   899,
     901,   904,   906,   908,   911,   914,   925,   928,   931,   938,
     940,   942,   944,   946,   949,   968,   970,   974,   975,   976,
     977,   978,   980,   982,   984,   986,   988,   990,   992,   994,
     996,   998,  1000,  1002,  1004,  1006,  1016,  1026,  1036,  1046,
    1048,  1050,  1053,  1058,  1062,  1064,  1066,  1068,  1071,  1073,
    1076,  1078,  1080,  1082,  1084,  1086,  1088,  1090,  1092,  1095,
    1097,  1099,  1101,  1103,  1105,  1109,  1112,  1111,  1125,  1126,
    1127,  1132,  1136,  1138,  1140,  1142,  1144,  1146,  1156,  1168,
    1170,  1173,  1175,  1177,  1179,  1185,  1187,  1189,  1191,  1196,
    1198,  1203,  1204,  1209,  1210,  1214,  1217,  1216,  1224,  1228,
    1229,  1230,  1233,  1234,  1237,  1238,  1241,  1245,  1249,  1255,
    1283,  1298,  1304,  1306,  1310,  1314,  1315,  1319,  1320,  1324,
    1325,  1330,  1332,  1334,  1337
};
#endif

#if 1 /* YYDEBUG || YYERROR_VERBOSE || YYTOKEN_TABLE */
/* YYTNAME[SYMBOL-NUM] -- String name of the symbol SYMBOL-NUM.
   First, the terminals, then, starting at YYNTOKENS, nonterminals.  */
static const char *const yytname[] =
{
  "$end", "error", "$undefined", "GRAMPROG", "GRAMEXPR", "GRAMBLOCK",
  "GRAMBARESTMT", "GRAMFULLSTMT", "GRAMSTMTSEQ", "'{'", "'}'", "'['",
  "']'", "'-'", "'+'", "'@'", "'%'", "'&'", "'='", "'.'", "BAREWORD",
  "METHOD", "FUNCMETH", "THING", "PMFUNC", "PRIVATEREF", "QWLIST",
  "FUNC0OP", "FUNC0SUB", "UNIOPSUB", "LSTOPSUB", "PLUGEXPR", "PLUGSTMT",
  "CLASSDECL", "LABEL", "MACRODEF", "MACRO", "FORMAT", "SUB", "METHDECL",
  "MULTIDECL", "ANONSUB", "EXTERNSUB", "PACKAGE", "USE", "WHILE", "UNTIL",
  "IF", "UNLESS", "ELSE", "ELSIF", "CONTINUE", "FOR", "GIVEN", "WHEN",
  "DEFAULT", "LOOPEX", "DOTDOT", "YADAYADA", "FUNC0", "FUNC1", "FUNC",
  "UNIOP", "LSTOP", "RELOP", "EQOP", "MULOP", "UNIMULOP", "ADDOP",
  "DOLSHARP", "DO", "HASHBRACK", "NOAMP", "LOCAL", "MY", "HAS", "REQUIRE",
  "COLONATTR", "FORMLBRACK", "FORMRBRACK", "PREC_LOW", "DOROP", "OROP",
  "ANDOP", "NOTOP", "','", "ASSIGNOP", "'?'", "':'", "DORDOR", "OROR",
  "ANDAND", "BITOROP", "BITANDOP", "SHIFTOP", "MATCHOP", "'!'", "'~'",
  "REFGEN", "UMINUS", "POWCOP", "POWOP", "POSTJOIN", "POSTDEC", "POSTINC",
  "PREDEC", "PREINC", "ARROW", "')'", "'('", "';'", "'$'", "'*'", "'/'",
  "$accept", "grammar", "@1", "@2", "@3", "@4", "@5", "@6", "block",
  "formblock", "remember", "mblock", "mremember", "stmtseq", "formstmtseq",
  "fullstmt", "labfullstmt", "barestmt", "$@7", "$@8", "$@9", "$@10",
  "$@11", "$@12", "$@13", "$@14", "@15", "$@16", "$@17", "$@18",
  "formline", "formarg", "sideff", "else", "cont", "mintro", "nexpr",
  "texpr", "iexpr", "mexpr", "mnexpr", "formname", "subdecl", "startsub",
  "startanonsub", "startformsub", "subname", "proto", "subattrlist",
  "myattrlist", "subsignature", "@19", "optsubbody", "expr", "listexpr",
  "listop", "@20", "method", "subscripted", "termbinop", "termunop",
  "anonymous", "termdo", "term", "@21", "myattrterm", "myterm", "hasterm",
  "optlistexpr", "optexpr", "optrepl", "lpar_or_qw", "$@22", "my_scalar",
  "my_var", "refgen_topic", "my_refgen", "amper", "scalar", "ary",
  "sizearydecl", "computedsizearydecl", "hsh", "arylen", "star", "sliceme",
  "kvslice", "gelem", "indirob", YY_NULL
};
#endif

# ifdef YYPRINT
/* YYTOKNUM[YYLEX-NUM] -- Internal token number corresponding to
   token YYLEX-NUM.  */
static const yytype_uint16 yytoknum[] =
{
       0,   256,   257,   258,   259,   260,   261,   262,   263,   123,
     125,    91,    93,    45,    43,    64,    37,    38,    61,    46,
     264,   265,   266,   267,   268,   269,   270,   271,   272,   273,
     274,   275,   276,   277,   278,   279,   280,   281,   282,   283,
     284,   285,   286,   287,   288,   289,   290,   291,   292,   293,
     294,   295,   296,   297,   298,   299,   300,   301,   302,   303,
     304,   305,   306,   307,   308,   309,   310,   311,   312,   313,
     314,   315,   316,   317,   318,   319,   320,   321,   322,   323,
     324,   325,   326,   327,   328,    44,   329,    63,    58,   330,
     331,   332,   333,   334,   335,   336,    33,   126,   337,   338,
     339,   340,   341,   342,   343,   344,   345,   346,    41,    40,
      59,    36,    42,    47
};
# endif

/* YYR1[YYN] -- Symbol number of symbol that rule YYN derives.  */
static const yytype_uint8 yyr1[] =
{
       0,   114,   116,   115,   117,   115,   118,   115,   119,   115,
     120,   115,   121,   115,   122,   123,   124,   125,   126,   127,
     127,   128,   128,   129,   129,   130,   130,   131,   131,   132,
     131,   133,   131,   134,   131,   131,   135,   131,   131,   131,
     131,   131,   131,   131,   131,   136,   137,   131,   138,   131,
     139,   131,   140,   131,   131,   131,   141,   131,   131,   142,
     131,   143,   131,   131,   131,   131,   144,   145,   145,   146,
     146,   146,   146,   146,   146,   146,   146,   147,   147,   147,
     148,   148,   149,   150,   150,   151,   151,   152,   153,   154,
     155,   155,   156,   156,   156,   157,   158,   159,   160,   160,
     161,   161,   162,   162,   162,   163,   163,   165,   164,   166,
     166,   167,   167,   167,   167,   168,   168,   168,   169,   169,
     169,   169,   169,   169,   169,   169,   170,   169,   171,   171,
     172,   172,   172,   172,   172,   172,   172,   172,   172,   172,
     172,   172,   172,   172,   173,   173,   173,   173,   173,   173,
     173,   173,   173,   173,   173,   173,   173,   173,   173,   174,
     174,   174,   174,   174,   174,   174,   174,   174,   174,   175,
     175,   175,   175,   175,   175,   176,   176,   177,   177,   177,
     177,   177,   177,   177,   177,   177,   177,   177,   177,   177,
     177,   177,   177,   177,   177,   177,   177,   177,   177,   177,
     177,   177,   177,   177,   177,   177,   177,   177,   177,   177,
     177,   177,   177,   177,   177,   177,   177,   177,   177,   177,
     177,   177,   177,   177,   177,   177,   178,   177,   177,   177,
     177,   177,   179,   179,   179,   179,   179,   179,   179,   180,
     180,   180,   180,   180,   180,   181,   181,   181,   181,   182,
     182,   183,   183,   184,   184,   185,   186,   185,   187,   188,
     188,   188,   189,   189,   190,   190,   191,   192,   193,   194,
     195,   196,   197,   197,   198,   199,   199,   200,   200,   201,
     201,   202,   202,   202,   202
};

/* YYR2[YYN] -- Number of symbols composing right hand side of rule YYN.  */
static const yytype_uint8 yyr2[] =
{
       0,     2,     0,     4,     0,     3,     0,     3,     0,     3,
       0,     3,     0,     3,     4,     7,     0,     4,     0,     0,
       2,     0,     2,     1,     1,     2,     2,     1,     4,     0,
       7,     0,    10,     0,     7,     4,     0,     7,     7,     7,
       6,     6,     2,     8,     8,     0,     0,    13,     0,    10,
       0,     9,     0,    10,     9,     7,     0,     6,     2,     0,
       8,     0,     6,     3,     2,     1,     2,     0,     3,     1,
       1,     3,     3,     3,     3,     3,     3,     0,     2,     6,
       0,     2,     0,     0,     1,     0,     1,     1,     1,     1,
       1,     0,     1,     1,     1,     0,     0,     0,     1,     1,
       0,     1,     0,     2,     1,     2,     1,     0,     3,     1,
       1,     3,     3,     3,     1,     2,     3,     1,     3,     5,
       6,     3,     3,     5,     2,     4,     0,     5,     1,     1,
       5,     4,     5,     4,     5,     6,     5,     4,     5,     4,
       3,     6,     4,     5,     3,     3,     3,     3,     3,     3,
       3,     3,     3,     3,     3,     3,     3,     3,     3,     2,
       2,     2,     2,     2,     2,     2,     2,     2,     2,     3,
       2,     4,     3,     5,     8,     2,     2,     1,     1,     1,
       1,     5,     2,     3,     1,     2,     3,     1,     2,     1,
       1,     1,     1,     1,     1,     4,     4,     5,     5,     1,
       1,     3,     4,     3,     4,     4,     4,     4,     4,     1,
       2,     2,     1,     2,     2,     1,     2,     1,     2,     1,
       3,     1,     3,     1,     3,     4,     0,     6,     1,     1,
       1,     1,     3,     2,     3,     2,     4,     7,     6,     3,
       2,     1,     1,     1,     1,     1,     1,     1,     1,     0,
       1,     0,     1,     0,     2,     1,     0,     3,     1,     1,
       1,     1,     1,     1,     2,     2,     2,     2,     2,     5,
       4,     2,     2,     4,     2,     1,     3,     1,     3,     1,
       3,     1,     1,     1,     1
};

/* YYDEFACT[STATE-NAME] -- Default reduction number in state STATE-NUM.
   Performed when YYTABLE doesn't specify something else to do.  Zero
   means the default is an error.  */
static const yytype_uint16 yydefact[] =
{
       0,     2,     4,     6,     8,    10,    12,     0,    16,   251,
       0,     0,     0,    19,     1,    19,     0,     0,     0,     0,
       0,     0,   228,     0,     0,   199,   226,   187,   221,   223,
     217,    96,   231,    96,   209,   230,   219,     0,     0,   212,
     249,     0,     0,     0,     0,     0,     0,     0,   215,     0,
       0,     0,     0,     0,     0,     0,     0,     0,   252,   114,
     229,   194,   177,   178,   179,   180,   117,   184,     5,   200,
     189,   192,   191,   193,   190,     0,     0,     0,    16,     7,
      69,    27,     0,     0,    97,    92,    93,    94,     0,     0,
      95,     0,     0,     0,     0,    16,     0,     0,     0,    65,
      80,     9,     0,     0,    70,     0,    11,    24,    23,     0,
       0,   170,     0,   159,   160,   281,   284,   283,   282,   268,
     271,   266,   249,     0,     0,     0,     0,   218,     0,   100,
     210,     0,     0,   251,   213,   214,   281,   250,   124,   282,
       0,   272,   176,   175,     0,     0,    98,    99,   249,   185,
       0,     0,     0,   233,   241,   244,   243,     0,   242,     0,
     235,   245,   248,   247,   246,   216,   211,   161,   162,   182,
     168,   167,   188,     0,   267,   274,     0,     0,     0,   115,
       0,     0,     0,     0,     0,     0,     0,     0,     0,     0,
       0,     0,     0,     0,     0,     0,     0,     0,   166,     0,
     165,   164,   163,     0,     0,     0,     0,     0,     0,     0,
       0,     0,    19,    16,     0,    91,    95,     0,    36,    16,
      16,    16,    16,    16,     0,    16,     0,    16,     0,    16,
      16,    42,     0,    58,    64,    95,     0,     0,     0,     0,
       0,     0,    26,    25,    20,   169,   122,   251,     0,     0,
     222,   126,   101,     0,   102,   220,   224,     0,     0,     0,
     118,   172,     0,   203,   284,     0,   183,     0,   189,   192,
     191,   240,     0,   106,   232,     0,     0,   284,   234,     0,
     186,   113,   112,   111,   116,     0,     0,   140,     0,   154,
     150,   151,   146,   147,   148,   144,     0,   157,   156,   155,
     153,   152,   149,   158,   145,     0,     0,   276,   278,     0,
     128,     0,     0,     0,   280,   121,   129,   201,     0,     0,
       0,     0,     0,     0,     0,     0,     0,    61,    63,    90,
       0,    33,     0,     0,    85,     0,     0,     0,   264,     0,
     265,   262,     0,   263,   259,   260,   261,     0,    56,     0,
     256,   255,    16,     0,     0,    81,    29,    73,    74,    87,
      71,    72,    75,    76,     0,   253,   142,   249,   107,   102,
     104,     0,   225,   125,     0,   171,     0,   188,     0,   236,
     239,   105,     0,     0,     0,     0,     0,     0,   133,   139,
       0,     0,     0,   205,   206,   207,   273,   137,     0,   204,
     208,   251,   202,     0,   131,     0,   195,     0,   196,     0,
      14,    19,    16,    28,     0,    16,    35,     0,     0,    86,
       0,     0,    88,     0,     0,   258,    16,    84,    89,     0,
       0,    70,     0,    52,     0,     0,     0,     0,   100,    16,
     123,     0,     0,   127,     0,     0,   103,   173,   119,   270,
       0,   186,     0,     0,   143,     0,   136,   181,     0,   132,
     138,     0,   134,   197,   198,   130,     0,     0,   102,    59,
     249,    82,    82,     0,     0,     0,     0,     0,    45,    18,
      80,     0,   257,     0,     0,     0,   102,     0,   254,   227,
     108,    19,   269,   238,     0,   141,   135,   120,    62,     0,
       0,    19,     0,     0,     0,    77,    77,     0,     0,    80,
      85,    19,    57,     0,    50,    40,    41,     0,   102,     0,
     237,    21,    34,     0,    37,    80,    80,     0,     0,    38,
      39,    48,     0,    55,     0,     0,     0,     0,   110,   109,
      30,     0,   174,     0,    60,    43,    44,    78,     0,     0,
      80,    46,    17,     0,    80,    19,    67,     0,    22,     0,
      80,    54,    82,    80,    51,     0,    19,    66,    15,     0,
      49,     0,    53,    32,     0,    77,     0,    68,    79,     0,
      47
};

/* YYDEFGOTO[NTERM-NUM].  */
static const yytype_int16 yydefgoto[] =
{
      -1,     7,     8,     9,    10,    11,    12,    13,   117,   413,
      15,   480,   511,   109,   543,   244,   107,   108,   438,   439,
     414,   333,   510,   562,   549,   537,   481,   432,   501,   411,
     558,   567,   102,   529,   233,   503,   428,   418,   358,   421,
     430,   330,   103,   218,   128,   215,   148,   254,   371,   274,
     369,   444,   540,   104,    59,    60,   367,   315,    61,    62,
      63,    64,    65,    66,   124,    67,   153,   160,   138,    68,
     442,   352,   434,   424,   341,   342,   227,    69,    70,    71,
     156,   157,    72,    73,    74,    75,    76,    77,   119
};

/* YYPACT[STATE-NUM] -- Index in YYTABLE of the portion describing
   STATE-NUM.  */
#define YYPACT_NINF -473
static const yytype_int16 yypact[] =
{
     653,  -473,  -473,  -473,  -473,  -473,  -473,    40,  -473,  3202,
      42,  1770,  1664,  -473,  -473,  -473,  2284,  3202,  3202,    16,
      16,    16,  -473,    16,    16,  -473,  -473,    41,   -67,  -473,
    3202,  -473,  -473,  -473,  3202,  -473,   -37,   -31,   -16,  2182,
    2078,    16,  2182,  2386,   166,  3202,    49,    64,  3202,  3202,
    3202,  3202,  3202,  3202,  3202,  2488,    16,    16,   222,    17,
    -473,    15,  -473,  -473,  -473,  -473,  3387,  -473,  -473,    36,
      83,   192,   208,  -473,   145,   212,   308,   159,  -473,  -473,
    -473,  -473,   176,   160,  -473,  -473,  -473,  -473,   166,   174,
    -473,    89,    90,   105,   118,    33,   122,   126,    42,  -473,
     185,  -473,   133,   166,   587,  1664,  -473,  -473,  -473,   709,
     816,  -473,   164,   313,   313,  -473,  -473,  -473,  -473,  -473,
    -473,  -473,  3202,   135,   156,  3202,   150,   524,    42,    10,
    3387,   167,  2590,  2078,  -473,   524,   598,    17,  -473,   493,
    3202,  -473,  -473,   524,   258,   -20,  -473,  -473,  3202,   524,
      28,  3304,  2692,   202,  -473,  -473,  -473,     0,  -473,    51,
     202,  -473,  -473,  -473,  -473,   524,    17,   313,   313,   313,
     148,   148,   297,   436,  -473,  -473,  3202,  3202,  3202,  3202,
    3202,  3202,  2794,  3202,  3202,  3202,  3202,  3202,  3202,  3202,
    3202,  3202,  3202,  3202,  3202,  3202,  3202,  3202,  -473,  3202,
    -473,  -473,  -473,   209,  2896,  3202,  3202,  3202,  3202,  3202,
    3202,  3202,  -473,  -473,    42,   291,  -473,   294,  -473,  -473,
    -473,  -473,  -473,   203,    81,  -473,   305,  -473,    -3,  -473,
    -473,  -473,    42,  -473,  -473,  -473,  3202,  3202,  3202,  3202,
    3202,  3202,  -473,  -473,  -473,  -473,  -473,  3202,  3202,   181,
    -473,  -473,  -473,   224,   257,  -473,  -473,   530,   233,  3202,
      17,  -473,   336,  -473,   338,  2998,   313,   202,    46,   301,
     331,  -473,   534,   330,  -473,   249,   274,   356,  -473,  3202,
     357,   292,   292,  -473,  3387,   269,   190,  -473,   539,  3483,
     380,  2167,   428,  -473,  2473,  3387,  3339,  1858,  1858,  1959,
    2063,  2269,  2371,   313,   313,  3202,  3202,   270,   278,   280,
    -473,   282,  3100,    18,   285,   265,  -473,  -473,   613,   281,
     217,   344,   241,   368,   244,   376,   922,  -473,  -473,  -473,
     363,  -473,     2,   373,  3202,  3202,  3202,  3202,  -473,   287,
    -473,  -473,   295,  -473,  -473,  -473,  -473,  1872,  -473,    69,
    -473,  -473,  -473,  3202,  3202,  -473,   298,   222,  -473,   222,
     222,   222,   222,   222,   293,   -54,  -473,  3202,  -473,   257,
     377,    42,  -473,  -473,   692,  -473,   149,    58,   705,  -473,
    -473,  -473,  3202,   300,   387,   247,  3202,   393,  -473,  -473,
    3202,   381,   262,  -473,  -473,  -473,  -473,  -473,   714,  -473,
    -473,  3202,  -473,   413,  -473,   418,  -473,   420,  -473,   427,
    -473,  -473,  -473,  -473,   224,  -473,  -473,   419,   335,   222,
     345,   347,   222,   358,    -3,  -473,  -473,  -473,  -473,   362,
     342,   386,   456,  -473,   364,  3202,   382,   384,   449,  -473,
    -473,  3202,   388,  -473,   389,   476,  -473,  -473,  -473,  -473,
     488,    59,    -4,  3202,  -473,   290,  -473,  3435,   491,  -473,
    -473,   395,  -473,  -473,  -473,  -473,  1028,   396,   257,  -473,
    3202,  -473,  -473,   456,   456,  3202,  3202,   456,  -473,  -473,
     185,   399,  -473,   402,   456,   456,   257,   224,   222,  -473,
    -473,  -473,  -473,  -473,     6,  -473,  -473,  -473,  -473,   433,
     410,  -473,   411,   456,   456,   139,   139,   414,   425,   185,
    3202,  -473,  -473,  3202,  -473,  -473,  -473,    11,   257,  1134,
    -473,  -473,  -473,  1240,  -473,   185,   185,   456,   417,  -473,
    -473,  -473,   456,  -473,   424,  1346,   429,   456,  -473,  -473,
    -473,   518,  -473,    31,  -473,  -473,  -473,  -473,  3202,   456,
     185,  -473,  -473,   456,   185,  -473,   458,   523,  -473,   438,
     185,  -473,  -473,   185,  -473,  1452,  -473,  -473,  -473,   456,
    -473,  1974,  -473,  -473,  1558,   139,   440,  -473,  -473,   456,
    -473
};

/* YYPGOTO[NTERM-NUM].  */
static const yytype_int16 yypgoto[] =
{
    -473,  -473,  -473,  -473,  -473,  -473,  -473,  -473,   -10,  -473,
     -56,  -108,  -473,   -12,  -473,   540,   446,     5,  -473,  -473,
    -473,  -473,  -473,  -473,  -473,  -473,  -473,  -473,  -473,  -473,
    -473,  -473,  -343,  -472,  -293,  -453,  -473,    43,   221,  -279,
      -9,  -473,  -473,  -127,   532,  -473,   -58,   125,  -348,  -142,
    -386,  -473,  -473,     1,   -35,  -473,  -473,  -473,  -473,  -473,
    -473,  -473,  -473,    98,  -473,  -473,   415,  -473,  -113,  -125,
    -473,   143,  -473,  -473,   220,  -473,  -473,   346,   365,   -40,
     525,  -473,   -34,  -473,  -473,  -473,  -473,  -473,    26
};

/* YYTABLE[YYPACT[STATE-NUM]].  What to do in state STATE-NUM.  If
   positive, shift that token.  If negative, reduce the rule which
   number is the opposite.  If YYTABLE_NINF, syntax error.  */
#define YYTABLE_NINF -280
static const yytype_int16 yytable[] =
{
      79,   100,   100,   110,   427,   137,   155,   162,   258,   246,
      58,   415,   158,   164,   166,   276,   101,   112,   278,   504,
      78,   445,   212,   350,   180,    78,   181,    78,   468,   134,
     216,   179,   142,   252,   530,   263,   115,    78,   115,   226,
      14,   116,   126,   116,   145,   235,   120,   121,   115,   122,
     123,    78,   125,   264,   556,   205,   173,   206,   423,   441,
      78,   176,   177,   178,   150,    20,   140,   141,   429,   279,
     386,   115,   131,   253,   436,   437,   277,   273,   132,   159,
      20,   179,   174,   175,    19,    20,   275,   137,   231,   331,
     262,   179,   205,   133,   206,   100,    19,    20,    21,   100,
     100,   518,   179,   578,   493,   260,   351,   223,   356,   571,
     243,   269,   416,   137,   520,   113,   114,   270,   251,   -16,
     500,   538,   364,  -241,   182,   379,   249,    56,   127,    56,
     399,   224,   130,   257,    58,  -240,  -239,   135,   517,    56,
     143,   557,   225,   149,    56,   204,   165,   151,   167,   168,
     169,   170,   171,   272,  -279,   340,   483,   327,   152,   259,
      56,   449,    56,   334,   335,   336,   337,   339,   211,   347,
     541,   349,   450,   353,   354,    56,   245,   281,   282,   283,
      56,   285,   286,   288,   345,   213,   146,   512,   527,   528,
     346,   147,    56,   366,   217,   214,   507,   508,   219,   220,
     326,  -275,   388,  -275,   328,   318,   319,   320,   321,   322,
     323,   324,   325,   365,   221,   187,   533,  -277,   305,  -277,
     306,   207,   355,   208,   307,   308,   309,   222,   427,   404,
     310,   229,   545,   546,   536,   230,   232,   357,   359,   360,
     361,   362,   363,   234,   247,   176,   177,   178,    58,   266,
    -280,  -280,  -280,   406,   443,   203,   408,   561,   250,   454,
     374,   564,   176,   177,   178,   248,   378,   570,   261,   559,
     572,   176,   177,   178,   459,   255,   461,   284,   311,   273,
     385,   289,   290,   291,   292,   293,   294,   295,   296,   297,
     298,   299,   300,   301,   302,   303,   435,   304,   176,   177,
     178,   338,   495,   176,   177,   178,   391,   392,   279,   345,
    -275,   329,  -275,   398,   332,   346,   100,   209,   312,   210,
     313,   314,   176,   177,   178,   176,   177,   178,   176,   177,
     178,   348,   137,   368,   370,   419,   359,   422,   422,   174,
    -277,   373,  -277,   176,   177,   178,   375,   452,   431,   376,
     176,   177,   178,   381,   422,   422,   467,   502,   382,   469,
     383,   447,   176,   177,   178,   505,   506,   384,   386,   509,
     476,   176,   177,   178,   401,   178,   515,   516,  -244,   387,
     187,   412,   393,   487,   118,   118,   118,   455,   118,   118,
     394,   403,   395,   417,   396,   525,   526,   400,    56,   466,
     446,   440,    58,   456,   426,   139,   118,   -31,  -242,   453,
     450,   154,   161,   198,   199,   200,   201,   202,   494,   547,
     203,   118,   118,   462,   550,   176,   177,   178,   463,   554,
     464,   236,   237,   238,   239,   137,   422,   465,   240,   470,
     241,   560,   488,   471,  -280,   563,   186,   187,   188,   176,
     177,   178,   478,   472,   405,   473,   100,   176,   177,   178,
     228,   575,   176,   177,   178,   479,   474,   176,   177,   178,
     477,   580,   252,   482,   196,   197,   422,   422,   407,   519,
     198,   199,   200,   201,   202,   491,   409,   203,   457,   523,
     484,   458,   485,  -189,   -88,   187,   489,   490,   139,   535,
     492,   496,   205,   497,   206,  -189,   499,   539,   513,   100,
     514,   419,   521,   100,   422,   118,   268,   176,   177,   178,
     522,   524,   531,   197,   118,   100,   548,   555,   198,   199,
     200,   201,   202,   532,   551,   203,   566,   553,  -189,  -189,
    -189,  -189,   568,   565,   280,  -189,   569,  -189,   579,   422,
    -189,   242,   106,   534,   574,   100,   420,  -189,  -189,  -189,
    -189,  -189,   576,   486,   100,   129,   267,   475,   316,   433,
     343,     0,   163,     0,  -189,  -189,  -189,     0,  -189,  -189,
    -189,  -189,  -189,  -189,  -189,  -189,  -189,  -189,  -189,   344,
     186,   187,   188,  -189,  -189,  -189,  -189,  -189,  -228,     0,
    -189,  -189,     0,  -189,     0,     0,  -189,     0,     0,     0,
    -228,   176,   177,   178,     0,   176,   177,   178,   196,   197,
     176,   177,   178,     0,   198,   199,   200,   201,   202,     0,
       0,   203,   236,   237,   238,   239,     0,     0,   372,   240,
       0,   241,   380,  -228,  -228,  -228,  -228,   389,     0,     0,
    -228,     0,  -228,     0,     0,  -228,     1,     2,     3,     4,
       5,     6,  -228,  -228,  -228,  -228,  -228,     0,   176,   177,
     178,     0,     0,     0,     0,     0,     0,     0,   118,  -228,
    -228,  -228,     0,  -228,  -228,  -228,  -228,  -228,  -228,  -228,
    -228,  -228,  -228,  -228,   176,   177,   178,     0,  -228,  -228,
    -228,  -228,  -228,     0,   425,  -228,  -228,     0,  -228,   -13,
      80,  -228,     0,     0,   344,     0,     0,     0,    78,     0,
      16,   402,    17,    18,    19,    20,    21,     0,     0,    22,
      23,    24,    25,    26,     0,    27,    28,    29,    30,    31,
      32,    81,    82,   105,     0,    83,    84,    85,    86,    87,
      33,    88,    89,    90,    91,    92,    93,    94,     0,     0,
       0,    95,    96,    97,    98,    34,     0,    35,    36,    37,
      38,    39,    40,   176,   177,   178,     0,     0,    41,    42,
      43,    44,    45,    46,    47,    48,   176,   177,   178,     0,
       0,     0,     0,    49,     0,   176,   177,   178,     0,     0,
     448,     0,     0,     0,     0,    50,    51,    52,     0,     0,
       0,     0,     0,   451,    53,    54,    -3,    80,    55,    99,
      56,    57,   460,     0,     0,    78,     0,    16,     0,    17,
      18,    19,    20,    21,     0,     0,    22,    23,    24,    25,
      26,     0,    27,    28,    29,    30,    31,    32,    81,    82,
     105,     0,    83,    84,    85,    86,    87,    33,    88,    89,
      90,    91,    92,    93,    94,     0,     0,     0,    95,    96,
      97,    98,    34,     0,    35,    36,    37,    38,    39,    40,
       0,     0,     0,     0,     0,    41,    42,    43,    44,    45,
      46,    47,    48,     0,     0,     0,     0,     0,     0,     0,
      49,     0,     0,     0,     0,     0,     0,     0,     0,     0,
       0,     0,    50,    51,    52,     0,     0,     0,     0,     0,
       0,    53,    54,    80,     0,    55,    99,    56,    57,     0,
       0,    78,   410,    16,     0,    17,    18,    19,    20,    21,
       0,     0,    22,    23,    24,    25,    26,     0,    27,    28,
      29,    30,    31,    32,    81,    82,   105,     0,    83,    84,
      85,    86,    87,    33,    88,    89,    90,    91,    92,    93,
      94,     0,     0,     0,    95,    96,    97,    98,    34,     0,
      35,    36,    37,    38,    39,    40,     0,     0,     0,     0,
       0,    41,    42,    43,    44,    45,    46,    47,    48,     0,
       0,     0,     0,     0,     0,     0,    49,     0,     0,     0,
       0,     0,     0,     0,     0,     0,     0,     0,    50,    51,
      52,     0,     0,     0,     0,     0,     0,    53,    54,    80,
       0,    55,    99,    56,    57,     0,     0,    78,   498,    16,
       0,    17,    18,    19,    20,    21,     0,     0,    22,    23,
      24,    25,    26,     0,    27,    28,    29,    30,    31,    32,
      81,    82,   105,     0,    83,    84,    85,    86,    87,    33,
      88,    89,    90,    91,    92,    93,    94,     0,     0,     0,
      95,    96,    97,    98,    34,     0,    35,    36,    37,    38,
      39,    40,     0,     0,     0,     0,     0,    41,    42,    43,
      44,    45,    46,    47,    48,     0,     0,     0,     0,     0,
       0,     0,    49,     0,     0,     0,     0,     0,     0,     0,
       0,     0,     0,     0,    50,    51,    52,     0,     0,     0,
       0,     0,     0,    53,    54,    80,     0,    55,    99,    56,
      57,     0,     0,    78,   542,    16,     0,    17,    18,    19,
      20,    21,     0,     0,    22,    23,    24,    25,    26,     0,
      27,    28,    29,    30,    31,    32,    81,    82,   105,     0,
      83,    84,    85,    86,    87,    33,    88,    89,    90,    91,
      92,    93,    94,     0,     0,     0,    95,    96,    97,    98,
      34,     0,    35,    36,    37,    38,    39,    40,     0,     0,
       0,     0,     0,    41,    42,    43,    44,    45,    46,    47,
      48,     0,     0,     0,     0,     0,     0,     0,    49,     0,
       0,     0,     0,     0,     0,     0,     0,     0,     0,     0,
      50,    51,    52,     0,     0,     0,     0,     0,     0,    53,
      54,    80,     0,    55,    99,    56,    57,     0,     0,    78,
     544,    16,     0,    17,    18,    19,    20,    21,     0,     0,
      22,    23,    24,    25,    26,     0,    27,    28,    29,    30,
      31,    32,    81,    82,   105,     0,    83,    84,    85,    86,
      87,    33,    88,    89,    90,    91,    92,    93,    94,     0,
       0,     0,    95,    96,    97,    98,    34,     0,    35,    36,
      37,    38,    39,    40,     0,     0,     0,     0,     0,    41,
      42,    43,    44,    45,    46,    47,    48,     0,     0,     0,
       0,     0,     0,     0,    49,     0,     0,     0,     0,     0,
       0,     0,     0,     0,     0,     0,    50,    51,    52,     0,
       0,     0,     0,     0,     0,    53,    54,    80,     0,    55,
      99,    56,    57,     0,     0,    78,   552,    16,     0,    17,
      18,    19,    20,    21,     0,     0,    22,    23,    24,    25,
      26,     0,    27,    28,    29,    30,    31,    32,    81,    82,
     105,     0,    83,    84,    85,    86,    87,    33,    88,    89,
      90,    91,    92,    93,    94,     0,     0,     0,    95,    96,
      97,    98,    34,     0,    35,    36,    37,    38,    39,    40,
       0,     0,     0,     0,     0,    41,    42,    43,    44,    45,
      46,    47,    48,     0,     0,     0,     0,     0,     0,     0,
      49,     0,     0,     0,     0,     0,     0,     0,     0,     0,
       0,     0,    50,    51,    52,     0,     0,     0,     0,     0,
       0,    53,    54,    80,     0,    55,    99,    56,    57,     0,
       0,    78,   573,    16,     0,    17,    18,    19,    20,    21,
       0,     0,    22,    23,    24,    25,    26,     0,    27,    28,
      29,    30,    31,    32,    81,    82,   105,     0,    83,    84,
      85,    86,    87,    33,    88,    89,    90,    91,    92,    93,
      94,     0,     0,     0,    95,    96,    97,    98,    34,     0,
      35,    36,    37,    38,    39,    40,     0,     0,     0,     0,
       0,    41,    42,    43,    44,    45,    46,    47,    48,     0,
       0,     0,     0,     0,     0,     0,    49,     0,     0,     0,
       0,     0,     0,     0,     0,     0,     0,     0,    50,    51,
      52,     0,     0,     0,     0,     0,     0,    53,    54,    80,
       0,    55,    99,    56,    57,     0,     0,    78,     0,    16,
       0,    17,    18,    19,    20,    21,     0,     0,    22,    23,
      24,    25,    26,     0,    27,    28,    29,    30,    31,    32,
      81,    82,   105,     0,    83,    84,    85,    86,    87,    33,
      88,    89,    90,    91,    92,    93,    94,     0,     0,     0,
      95,    96,    97,    98,    34,     0,    35,    36,    37,    38,
      39,    40,     0,     0,     0,     0,     0,    41,    42,    43,
      44,    45,    46,    47,    48,     0,     0,   577,     0,     0,
       0,     0,    49,     0,     0,     0,     0,     0,     0,     0,
       0,     0,     0,     0,    50,    51,    52,     0,     0,     0,
       0,     0,     0,    53,    54,    80,     0,    55,    99,    56,
      57,     0,     0,    78,     0,    16,     0,    17,    18,    19,
      20,    21,     0,     0,    22,    23,    24,    25,    26,     0,
      27,    28,    29,    30,    31,    32,    81,    82,   105,     0,
      83,    84,    85,    86,    87,    33,    88,    89,    90,    91,
      92,    93,    94,     0,     0,     0,    95,    96,    97,    98,
      34,     0,    35,    36,    37,    38,    39,    40,     0,     0,
       0,     0,     0,    41,    42,    43,    44,    45,    46,    47,
      48,     0,     0,     0,     0,     0,     0,     0,    49,     0,
       0,     0,     0,     0,     0,     0,     0,     0,     0,     0,
      50,    51,    52,     0,     0,     0,     0,     0,     0,    53,
      54,    80,     0,    55,    99,    56,    57,     0,     0,    78,
       0,    16,     0,    17,    18,    19,    20,    21,     0,     0,
      22,    23,    24,    25,    26,     0,    27,    28,    29,    30,
      31,    32,    81,    82,     0,     0,    83,    84,    85,    86,
      87,    33,    88,    89,    90,    91,    92,    93,    94,     0,
       0,     0,    95,    96,    97,    98,    34,     0,    35,    36,
      37,    38,    39,    40,     0,     0,     0,     0,     0,    41,
      42,    43,    44,    45,    46,    47,    48,     0,     0,     0,
       0,     0,     0,     0,    49,     0,     0,     0,     0,     0,
       0,     0,     0,     0,     0,     0,    50,    51,    52,     0,
       0,     0,     0,    80,     0,    53,    54,     0,     0,    55,
      99,    56,    57,    16,     0,    17,    18,    19,    20,    21,
       0,     0,    22,    23,    24,    25,    26,     0,    27,    28,
      29,    30,    31,    32,     0,     0,     0,     0,     0,     0,
       0,     0,     0,    33,     0,     0,     0,     0,     0,     0,
       0,     0,   184,   185,   186,   187,   188,     0,    34,     0,
      35,    36,    37,    38,    39,    40,     0,     0,     0,     0,
       0,    41,    42,    43,    44,    45,    46,    47,    48,   193,
     194,   195,   196,   197,     0,     0,    49,     0,   198,   199,
     200,   201,   202,     0,     0,   203,     0,     0,    50,    51,
      52,     0,     0,     0,     0,    80,     0,    53,    54,     0,
       0,    55,   -83,    56,    57,    16,     0,    17,    18,    19,
      20,    21,     0,     0,    22,    23,    24,    25,    26,     0,
      27,    28,    29,    30,    31,    32,     0,     0,     0,     0,
       0,     0,     0,     0,     0,    33,     0,     0,     0,     0,
       0,     0,     0,   184,   185,   186,   187,   188,     0,     0,
      34,     0,    35,    36,    37,    38,    39,    40,     0,     0,
       0,     0,     0,    41,    42,    43,    44,    45,    46,    47,
      48,   194,   195,   196,   197,     0,     0,     0,    49,   198,
     199,   200,   201,   202,     0,     0,   203,     0,     0,     0,
      50,    51,    52,     0,     0,     0,     0,     0,     0,    53,
      54,     0,   -83,    55,     0,    56,    57,    78,     0,    16,
       0,    17,    18,    19,    20,    21,     0,     0,   136,    23,
      24,    25,    26,   116,    27,    28,    29,    30,    31,    32,
       0,     0,     0,     0,     0,     0,     0,     0,     0,    33,
       0,     0,     0,     0,     0,     0,     0,   184,   185,   186,
     187,   188,     0,     0,    34,     0,    35,    36,    37,    38,
      39,    40,     0,     0,     0,     0,     0,    41,    42,    43,
      44,    45,    46,    47,    48,     0,   195,   196,   197,     0,
       0,     0,    49,   198,   199,   200,   201,   202,     0,     0,
     203,     0,     0,     0,    50,    51,    52,     0,     0,     0,
       0,     0,     0,    53,    54,     0,     0,    55,     0,    56,
      57,    78,     0,    16,     0,    17,    18,    19,    20,    21,
       0,     0,    22,    23,    24,    25,    26,     0,    27,    28,
      29,    30,    31,    32,     0,     0,     0,     0,     0,     0,
       0,     0,     0,    33,     0,     0,     0,     0,     0,     0,
       0,   184,  -280,   186,   187,   188,     0,     0,    34,     0,
      35,    36,    37,    38,    39,    40,     0,     0,     0,     0,
       0,    41,    42,    43,    44,    45,    46,    47,    48,     0,
       0,   196,   197,     0,     0,     0,    49,   198,   199,   200,
     201,   202,     0,     0,   203,     0,     0,     0,    50,    51,
      52,     0,     0,     0,     0,     0,     0,    53,    54,     0,
       0,    55,     0,    56,    57,    16,   111,    17,    18,    19,
      20,    21,     0,     0,    22,    23,    24,    25,    26,     0,
      27,    28,    29,    30,    31,    32,     0,     0,     0,     0,
       0,     0,     0,     0,     0,    33,     0,     0,     0,     0,
       0,     0,     0,   184,   185,   186,   187,   188,     0,     0,
      34,     0,    35,    36,    37,    38,    39,    40,     0,     0,
       0,     0,     0,    41,    42,    43,    44,    45,    46,    47,
      48,     0,     0,   196,   197,     0,     0,     0,    49,   198,
     199,   200,   201,   202,     0,     0,   203,     0,     0,     0,
      50,    51,    52,     0,     0,     0,     0,     0,     0,    53,
      54,     0,     0,    55,     0,    56,    57,    16,     0,    17,
      18,    19,    20,    21,     0,     0,    22,    23,    24,    25,
      26,     0,    27,    28,    29,    30,    31,    32,     0,     0,
       0,     0,     0,     0,     0,     0,     0,    33,     0,     0,
       0,     0,     0,     0,     0,     0,     0,   186,   187,   188,
       0,     0,    34,     0,    35,    36,    37,    38,    39,    40,
       0,     0,     0,     0,     0,    41,    42,    43,    44,    45,
      46,    47,    48,     0,     0,     0,   197,     0,     0,     0,
      49,   198,   199,   200,   201,   202,     0,     0,   203,     0,
       0,     0,    50,    51,    52,     0,     0,     0,     0,     0,
       0,    53,    54,     0,     0,    55,   144,    56,    57,    16,
       0,    17,    18,    19,    20,    21,     0,     0,    22,    23,
      24,    25,    26,     0,    27,    28,    29,    30,    31,    32,
       0,     0,     0,     0,     0,     0,     0,     0,     0,    33,
       0,     0,     0,     0,     0,     0,     0,     0,     0,   186,
     187,     0,     0,     0,    34,     0,    35,    36,    37,    38,
      39,    40,     0,     0,     0,     0,     0,    41,    42,    43,
      44,    45,    46,    47,    48,     0,     0,     0,   197,     0,
       0,     0,    49,   198,   199,   200,   201,   202,     0,     0,
     203,     0,     0,     0,    50,    51,    52,     0,     0,     0,
       0,     0,     0,    53,    54,     0,   172,    55,     0,    56,
      57,    16,     0,    17,    18,    19,    20,    21,     0,     0,
      22,    23,    24,    25,    26,     0,    27,    28,    29,    30,
      31,    32,     0,     0,     0,     0,     0,     0,     0,     0,
       0,    33,     0,     0,     0,     0,     0,     0,     0,     0,
       0,     0,     0,     0,     0,     0,    34,     0,    35,    36,
      37,    38,    39,    40,     0,     0,     0,     0,     0,    41,
      42,    43,    44,    45,    46,    47,    48,     0,     0,     0,
       0,     0,     0,     0,    49,     0,     0,     0,     0,     0,
       0,     0,     0,     0,     0,     0,    50,    51,    52,     0,
       0,     0,     0,     0,     0,    53,    54,     0,   256,    55,
       0,    56,    57,    16,     0,    17,    18,    19,    20,    21,
       0,     0,    22,    23,    24,    25,    26,     0,    27,    28,
      29,    30,    31,    32,     0,     0,     0,     0,     0,     0,
       0,     0,     0,    33,     0,     0,     0,     0,     0,     0,
       0,     0,     0,     0,     0,     0,     0,     0,    34,     0,
      35,    36,    37,    38,    39,    40,     0,     0,     0,     0,
       0,    41,    42,    43,    44,    45,    46,    47,    48,     0,
       0,     0,     0,     0,     0,     0,    49,     0,     0,     0,
       0,     0,     0,     0,     0,     0,     0,     0,    50,    51,
      52,     0,     0,     0,     0,     0,     0,    53,    54,     0,
     271,    55,     0,    56,    57,    16,     0,    17,    18,    19,
      20,    21,     0,     0,    22,    23,    24,    25,    26,     0,
      27,    28,    29,    30,    31,    32,     0,     0,     0,     0,
       0,     0,     0,     0,     0,    33,     0,     0,     0,     0,
       0,     0,     0,     0,     0,     0,     0,     0,     0,     0,
      34,     0,    35,    36,    37,    38,    39,    40,     0,     0,
       0,     0,     0,    41,    42,    43,    44,    45,    46,    47,
      48,     0,     0,     0,     0,     0,     0,     0,    49,     0,
       0,     0,     0,     0,     0,     0,     0,     0,     0,     0,
      50,    51,    52,     0,     0,     0,     0,     0,     0,    53,
      54,     0,   287,    55,     0,    56,    57,    16,     0,    17,
      18,    19,    20,    21,     0,     0,    22,    23,    24,    25,
      26,     0,    27,    28,    29,    30,    31,    32,     0,     0,
       0,     0,     0,     0,     0,     0,     0,    33,     0,     0,
       0,     0,     0,     0,     0,     0,     0,     0,     0,     0,
       0,     0,    34,     0,    35,    36,    37,    38,    39,    40,
       0,     0,     0,     0,     0,    41,    42,    43,    44,    45,
      46,    47,    48,     0,     0,     0,     0,     0,     0,     0,
      49,     0,     0,     0,     0,     0,     0,     0,     0,     0,
       0,     0,    50,    51,    52,     0,     0,     0,     0,     0,
       0,    53,    54,     0,   317,    55,     0,    56,    57,    16,
       0,    17,    18,    19,    20,    21,     0,     0,    22,    23,
      24,    25,    26,     0,    27,    28,    29,    30,    31,    32,
       0,     0,     0,     0,     0,     0,     0,     0,     0,    33,
       0,     0,     0,     0,     0,     0,     0,     0,     0,     0,
       0,     0,     0,     0,    34,     0,    35,    36,    37,    38,
      39,    40,     0,     0,     0,     0,     0,    41,    42,    43,
      44,    45,    46,    47,    48,     0,     0,     0,     0,     0,
       0,     0,    49,     0,     0,     0,     0,     0,     0,     0,
       0,     0,     0,     0,    50,    51,    52,     0,     0,     0,
       0,     0,     0,    53,    54,     0,   377,    55,     0,    56,
      57,    16,     0,    17,    18,    19,    20,    21,     0,     0,
      22,    23,    24,    25,    26,     0,    27,    28,    29,    30,
      31,    32,     0,     0,     0,     0,     0,     0,     0,     0,
       0,    33,     0,     0,     0,     0,     0,     0,     0,     0,
       0,     0,     0,     0,     0,     0,    34,     0,    35,    36,
      37,    38,    39,    40,     0,     0,     0,     0,     0,    41,
      42,    43,    44,    45,    46,    47,    48,     0,     0,     0,
       0,     0,     0,     0,    49,     0,     0,     0,     0,     0,
       0,     0,     0,     0,     0,     0,    50,    51,    52,     0,
       0,     0,     0,     0,     0,    53,    54,     0,   397,    55,
       0,    56,    57,    16,     0,    17,    18,    19,    20,    21,
       0,     0,    22,    23,    24,    25,    26,     0,    27,    28,
      29,    30,    31,    32,     0,     0,     0,     0,     0,     0,
       0,     0,     0,    33,     0,     0,     0,     0,     0,     0,
       0,     0,     0,     0,     0,     0,     0,     0,    34,     0,
      35,    36,    37,    38,    39,    40,     0,     0,     0,     0,
       0,    41,    42,    43,    44,    45,    46,    47,    48,     0,
       0,     0,     0,     0,     0,     0,    49,     0,     0,     0,
       0,     0,     0,     0,     0,     0,     0,     0,    50,    51,
      52,     0,     0,     0,     0,     0,     0,    53,    54,     0,
       0,    55,     0,    56,    57,    16,     0,    17,    18,   159,
      20,    21,     0,     0,    22,    23,    24,    25,    26,     0,
      27,    28,    29,    30,    31,    32,     0,     0,     0,     0,
       0,     0,     0,     0,     0,    33,     0,     0,     0,     0,
       0,     0,     0,     0,     0,     0,     0,     0,     0,     0,
      34,     0,    35,    36,    37,    38,    39,    40,     0,     0,
       0,     0,     0,    41,    42,    43,    44,    45,    46,    47,
      48,     0,     0,     0,     0,     0,     0,     0,    49,     0,
       0,     0,     0,     0,     0,     0,   183,     0,     0,     0,
      50,    51,    52,   184,   185,   186,   187,   188,     0,    53,
      54,     0,     0,   265,     0,    56,    57,     0,     0,     0,
       0,     0,     0,     0,     0,   189,   190,   390,   191,   192,
     193,   194,   195,   196,   197,     0,     0,     0,     0,   198,
     199,   200,   201,   202,   183,     0,   203,     0,     0,     0,
       0,   184,   185,   186,   187,   188,     0,     0,     0,     0,
       0,     0,     0,     0,     0,     0,     0,     0,     0,     0,
       0,     0,     0,   189,   190,     0,   191,   192,   193,   194,
     195,   196,   197,     0,     0,     0,     0,   198,   199,   200,
     201,   202,   183,     0,   203,     0,     0,     0,     0,   184,
     185,   186,   187,   188,     0,     0,     0,     0,     0,     0,
       0,     0,     0,     0,     0,     0,     0,     0,     0,     0,
       0,     0,   190,     0,   191,   192,   193,   194,   195,   196,
     197,     0,     0,     0,     0,   198,   199,   200,   201,   202,
    -280,     0,   203,     0,     0,     0,     0,   184,   185,   186,
     187,   188,     0,     0,     0,     0,     0,     0,     0,     0,
       0,     0,     0,     0,     0,     0,     0,     0,     0,     0,
       0,     0,   191,   192,   193,   194,   195,   196,   197,     0,
       0,     0,     0,   198,   199,   200,   201,   202,     0,     0,
     203
};

#define yypact_value_is_default(yystate) \
  ((yystate) == (-473))

#define yytable_value_is_error(yytable_value) \
  ((yytable_value) == (-280))

static const yytype_int16 yycheck[] =
{
      10,    11,    12,    15,   347,    40,    46,    47,   133,   122,
       9,     9,    46,    47,    49,   157,    11,    16,   160,   472,
       9,   369,    78,    26,     9,     9,    11,     9,   414,    39,
      88,    85,    42,    23,   506,   148,    20,     9,    20,    95,
       0,    25,   109,    25,    43,   103,    20,    21,    20,    23,
      24,     9,    11,    25,    23,     9,    55,    11,   337,   113,
       9,    81,    82,    83,    15,    16,    40,    41,   347,    11,
      11,    20,   109,   129,   353,   354,    25,    77,   109,    15,
      16,    85,    56,    57,    15,    16,    86,   122,    98,   216,
     110,    85,     9,   109,    11,   105,    15,    16,    17,   109,
     110,   487,    85,   575,   108,   140,   109,    74,   235,   562,
     105,   151,   110,   148,   108,    17,    18,   151,   128,   109,
     468,   110,   247,    77,   109,   267,   125,   111,    30,   111,
     112,    98,    34,   132,   133,    77,    77,    39,   486,   111,
      42,   110,   109,    45,   111,   109,    48,    98,    50,    51,
      52,    53,    54,   152,     9,    74,   435,   213,   109,   133,
     111,    12,   111,   219,   220,   221,   222,   223,     9,   225,
     518,   227,    23,   229,   230,   111,    12,   176,   177,   178,
     111,   180,   181,   182,   224,     9,    20,   480,    49,    50,
     224,    25,   111,    12,    20,    35,   475,   476,   109,   109,
     212,     9,    12,    11,   214,   204,   205,   206,   207,   208,
     209,   210,   211,   248,   109,    67,   509,     9,     9,    11,
      11,     9,   232,    11,    15,    16,    17,   109,   571,    12,
      21,   109,   525,   526,   513,   109,    51,   236,   237,   238,
     239,   240,   241,   110,   109,    81,    82,    83,   247,   151,
     102,   103,   104,    12,   367,   107,    12,   550,   108,    12,
     259,   554,    81,    82,    83,   109,   265,   560,    10,   548,
     563,    81,    82,    83,    12,   108,   401,   179,    69,    77,
     279,   183,   184,   185,   186,   187,   188,   189,   190,   191,
     192,   193,   194,   195,   196,   197,   352,   199,    81,    82,
      83,    98,    12,    81,    82,    83,   305,   306,    11,   349,
       9,    20,    11,   312,    20,   349,   326,     9,   109,    11,
     111,   112,    81,    82,    83,    81,    82,    83,    81,    82,
      83,    26,   367,   109,    77,   334,   335,   336,   337,   313,
       9,   108,    11,    81,    82,    83,    10,   382,   347,    11,
      81,    82,    83,    23,   353,   354,   412,   470,   109,   415,
      86,   371,    81,    82,    83,   473,   474,    11,    11,   477,
     426,    81,    82,    83,   109,    83,   484,   485,    77,   110,
      67,    18,   112,   439,    19,    20,    21,   386,    23,    24,
     112,   110,   112,    20,   112,   503,   504,   112,   111,   411,
      23,   108,   401,    10,   109,    40,    41,   109,    77,   109,
      23,    46,    47,   100,   101,   102,   103,   104,   453,   527,
     107,    56,    57,    10,   532,    81,    82,    83,    10,   537,
      10,    45,    46,    47,    48,   470,   435,    10,    52,    20,
      54,   549,   441,   108,    64,   553,    66,    67,    68,    81,
      82,    83,   110,   108,   110,   108,   466,    81,    82,    83,
      95,   569,    81,    82,    83,     9,   108,    81,    82,    83,
     108,   579,    23,   109,    94,    95,   475,   476,   110,   491,
     100,   101,   102,   103,   104,     9,   110,   107,   390,   501,
     108,   110,   108,     0,   108,    67,   108,   108,   133,   511,
      12,    10,     9,   108,    11,    12,   110,   517,   109,   519,
     108,   510,    79,   523,   513,   150,   151,    81,    82,    83,
     110,   110,   108,    95,   159,   535,   109,     9,   100,   101,
     102,   103,   104,   108,   110,   107,    78,   108,    45,    46,
      47,    48,    19,   555,   108,    52,   108,    54,   108,   548,
      57,   105,    12,   510,   566,   565,   335,    64,    65,    66,
      67,    68,   571,   438,   574,    33,   151,   424,   203,   349,
     224,    -1,    47,    -1,    81,    82,    83,    -1,    85,    86,
      87,    88,    89,    90,    91,    92,    93,    94,    95,   224,
      66,    67,    68,   100,   101,   102,   103,   104,     0,    -1,
     107,   108,    -1,   110,    -1,    -1,   113,    -1,    -1,    -1,
      12,    81,    82,    83,    -1,    81,    82,    83,    94,    95,
      81,    82,    83,    -1,   100,   101,   102,   103,   104,    -1,
      -1,   107,    45,    46,    47,    48,    -1,    -1,   108,    52,
      -1,    54,   108,    45,    46,    47,    48,   108,    -1,    -1,
      52,    -1,    54,    -1,    -1,    57,     3,     4,     5,     6,
       7,     8,    64,    65,    66,    67,    68,    -1,    81,    82,
      83,    -1,    -1,    -1,    -1,    -1,    -1,    -1,   313,    81,
      82,    83,    -1,    85,    86,    87,    88,    89,    90,    91,
      92,    93,    94,    95,    81,    82,    83,    -1,   100,   101,
     102,   103,   104,    -1,   339,   107,   108,    -1,   110,     0,
       1,   113,    -1,    -1,   349,    -1,    -1,    -1,     9,    -1,
      11,   108,    13,    14,    15,    16,    17,    -1,    -1,    20,
      21,    22,    23,    24,    -1,    26,    27,    28,    29,    30,
      31,    32,    33,    34,    -1,    36,    37,    38,    39,    40,
      41,    42,    43,    44,    45,    46,    47,    48,    -1,    -1,
      -1,    52,    53,    54,    55,    56,    -1,    58,    59,    60,
      61,    62,    63,    81,    82,    83,    -1,    -1,    69,    70,
      71,    72,    73,    74,    75,    76,    81,    82,    83,    -1,
      -1,    -1,    -1,    84,    -1,    81,    82,    83,    -1,    -1,
     108,    -1,    -1,    -1,    -1,    96,    97,    98,    -1,    -1,
      -1,    -1,    -1,   108,   105,   106,     0,     1,   109,   110,
     111,   112,   108,    -1,    -1,     9,    -1,    11,    -1,    13,
      14,    15,    16,    17,    -1,    -1,    20,    21,    22,    23,
      24,    -1,    26,    27,    28,    29,    30,    31,    32,    33,
      34,    -1,    36,    37,    38,    39,    40,    41,    42,    43,
      44,    45,    46,    47,    48,    -1,    -1,    -1,    52,    53,
      54,    55,    56,    -1,    58,    59,    60,    61,    62,    63,
      -1,    -1,    -1,    -1,    -1,    69,    70,    71,    72,    73,
      74,    75,    76,    -1,    -1,    -1,    -1,    -1,    -1,    -1,
      84,    -1,    -1,    -1,    -1,    -1,    -1,    -1,    -1,    -1,
      -1,    -1,    96,    97,    98,    -1,    -1,    -1,    -1,    -1,
      -1,   105,   106,     1,    -1,   109,   110,   111,   112,    -1,
      -1,     9,    10,    11,    -1,    13,    14,    15,    16,    17,
      -1,    -1,    20,    21,    22,    23,    24,    -1,    26,    27,
      28,    29,    30,    31,    32,    33,    34,    -1,    36,    37,
      38,    39,    40,    41,    42,    43,    44,    45,    46,    47,
      48,    -1,    -1,    -1,    52,    53,    54,    55,    56,    -1,
      58,    59,    60,    61,    62,    63,    -1,    -1,    -1,    -1,
      -1,    69,    70,    71,    72,    73,    74,    75,    76,    -1,
      -1,    -1,    -1,    -1,    -1,    -1,    84,    -1,    -1,    -1,
      -1,    -1,    -1,    -1,    -1,    -1,    -1,    -1,    96,    97,
      98,    -1,    -1,    -1,    -1,    -1,    -1,   105,   106,     1,
      -1,   109,   110,   111,   112,    -1,    -1,     9,    10,    11,
      -1,    13,    14,    15,    16,    17,    -1,    -1,    20,    21,
      22,    23,    24,    -1,    26,    27,    28,    29,    30,    31,
      32,    33,    34,    -1,    36,    37,    38,    39,    40,    41,
      42,    43,    44,    45,    46,    47,    48,    -1,    -1,    -1,
      52,    53,    54,    55,    56,    -1,    58,    59,    60,    61,
      62,    63,    -1,    -1,    -1,    -1,    -1,    69,    70,    71,
      72,    73,    74,    75,    76,    -1,    -1,    -1,    -1,    -1,
      -1,    -1,    84,    -1,    -1,    -1,    -1,    -1,    -1,    -1,
      -1,    -1,    -1,    -1,    96,    97,    98,    -1,    -1,    -1,
      -1,    -1,    -1,   105,   106,     1,    -1,   109,   110,   111,
     112,    -1,    -1,     9,    10,    11,    -1,    13,    14,    15,
      16,    17,    -1,    -1,    20,    21,    22,    23,    24,    -1,
      26,    27,    28,    29,    30,    31,    32,    33,    34,    -1,
      36,    37,    38,    39,    40,    41,    42,    43,    44,    45,
      46,    47,    48,    -1,    -1,    -1,    52,    53,    54,    55,
      56,    -1,    58,    59,    60,    61,    62,    63,    -1,    -1,
      -1,    -1,    -1,    69,    70,    71,    72,    73,    74,    75,
      76,    -1,    -1,    -1,    -1,    -1,    -1,    -1,    84,    -1,
      -1,    -1,    -1,    -1,    -1,    -1,    -1,    -1,    -1,    -1,
      96,    97,    98,    -1,    -1,    -1,    -1,    -1,    -1,   105,
     106,     1,    -1,   109,   110,   111,   112,    -1,    -1,     9,
      10,    11,    -1,    13,    14,    15,    16,    17,    -1,    -1,
      20,    21,    22,    23,    24,    -1,    26,    27,    28,    29,
      30,    31,    32,    33,    34,    -1,    36,    37,    38,    39,
      40,    41,    42,    43,    44,    45,    46,    47,    48,    -1,
      -1,    -1,    52,    53,    54,    55,    56,    -1,    58,    59,
      60,    61,    62,    63,    -1,    -1,    -1,    -1,    -1,    69,
      70,    71,    72,    73,    74,    75,    76,    -1,    -1,    -1,
      -1,    -1,    -1,    -1,    84,    -1,    -1,    -1,    -1,    -1,
      -1,    -1,    -1,    -1,    -1,    -1,    96,    97,    98,    -1,
      -1,    -1,    -1,    -1,    -1,   105,   106,     1,    -1,   109,
     110,   111,   112,    -1,    -1,     9,    10,    11,    -1,    13,
      14,    15,    16,    17,    -1,    -1,    20,    21,    22,    23,
      24,    -1,    26,    27,    28,    29,    30,    31,    32,    33,
      34,    -1,    36,    37,    38,    39,    40,    41,    42,    43,
      44,    45,    46,    47,    48,    -1,    -1,    -1,    52,    53,
      54,    55,    56,    -1,    58,    59,    60,    61,    62,    63,
      -1,    -1,    -1,    -1,    -1,    69,    70,    71,    72,    73,
      74,    75,    76,    -1,    -1,    -1,    -1,    -1,    -1,    -1,
      84,    -1,    -1,    -1,    -1,    -1,    -1,    -1,    -1,    -1,
      -1,    -1,    96,    97,    98,    -1,    -1,    -1,    -1,    -1,
      -1,   105,   106,     1,    -1,   109,   110,   111,   112,    -1,
      -1,     9,    10,    11,    -1,    13,    14,    15,    16,    17,
      -1,    -1,    20,    21,    22,    23,    24,    -1,    26,    27,
      28,    29,    30,    31,    32,    33,    34,    -1,    36,    37,
      38,    39,    40,    41,    42,    43,    44,    45,    46,    47,
      48,    -1,    -1,    -1,    52,    53,    54,    55,    56,    -1,
      58,    59,    60,    61,    62,    63,    -1,    -1,    -1,    -1,
      -1,    69,    70,    71,    72,    73,    74,    75,    76,    -1,
      -1,    -1,    -1,    -1,    -1,    -1,    84,    -1,    -1,    -1,
      -1,    -1,    -1,    -1,    -1,    -1,    -1,    -1,    96,    97,
      98,    -1,    -1,    -1,    -1,    -1,    -1,   105,   106,     1,
      -1,   109,   110,   111,   112,    -1,    -1,     9,    -1,    11,
      -1,    13,    14,    15,    16,    17,    -1,    -1,    20,    21,
      22,    23,    24,    -1,    26,    27,    28,    29,    30,    31,
      32,    33,    34,    -1,    36,    37,    38,    39,    40,    41,
      42,    43,    44,    45,    46,    47,    48,    -1,    -1,    -1,
      52,    53,    54,    55,    56,    -1,    58,    59,    60,    61,
      62,    63,    -1,    -1,    -1,    -1,    -1,    69,    70,    71,
      72,    73,    74,    75,    76,    -1,    -1,    79,    -1,    -1,
      -1,    -1,    84,    -1,    -1,    -1,    -1,    -1,    -1,    -1,
      -1,    -1,    -1,    -1,    96,    97,    98,    -1,    -1,    -1,
      -1,    -1,    -1,   105,   106,     1,    -1,   109,   110,   111,
     112,    -1,    -1,     9,    -1,    11,    -1,    13,    14,    15,
      16,    17,    -1,    -1,    20,    21,    22,    23,    24,    -1,
      26,    27,    28,    29,    30,    31,    32,    33,    34,    -1,
      36,    37,    38,    39,    40,    41,    42,    43,    44,    45,
      46,    47,    48,    -1,    -1,    -1,    52,    53,    54,    55,
      56,    -1,    58,    59,    60,    61,    62,    63,    -1,    -1,
      -1,    -1,    -1,    69,    70,    71,    72,    73,    74,    75,
      76,    -1,    -1,    -1,    -1,    -1,    -1,    -1,    84,    -1,
      -1,    -1,    -1,    -1,    -1,    -1,    -1,    -1,    -1,    -1,
      96,    97,    98,    -1,    -1,    -1,    -1,    -1,    -1,   105,
     106,     1,    -1,   109,   110,   111,   112,    -1,    -1,     9,
      -1,    11,    -1,    13,    14,    15,    16,    17,    -1,    -1,
      20,    21,    22,    23,    24,    -1,    26,    27,    28,    29,
      30,    31,    32,    33,    -1,    -1,    36,    37,    38,    39,
      40,    41,    42,    43,    44,    45,    46,    47,    48,    -1,
      -1,    -1,    52,    53,    54,    55,    56,    -1,    58,    59,
      60,    61,    62,    63,    -1,    -1,    -1,    -1,    -1,    69,
      70,    71,    72,    73,    74,    75,    76,    -1,    -1,    -1,
      -1,    -1,    -1,    -1,    84,    -1,    -1,    -1,    -1,    -1,
      -1,    -1,    -1,    -1,    -1,    -1,    96,    97,    98,    -1,
      -1,    -1,    -1,     1,    -1,   105,   106,    -1,    -1,   109,
     110,   111,   112,    11,    -1,    13,    14,    15,    16,    17,
      -1,    -1,    20,    21,    22,    23,    24,    -1,    26,    27,
      28,    29,    30,    31,    -1,    -1,    -1,    -1,    -1,    -1,
      -1,    -1,    -1,    41,    -1,    -1,    -1,    -1,    -1,    -1,
      -1,    -1,    64,    65,    66,    67,    68,    -1,    56,    -1,
      58,    59,    60,    61,    62,    63,    -1,    -1,    -1,    -1,
      -1,    69,    70,    71,    72,    73,    74,    75,    76,    91,
      92,    93,    94,    95,    -1,    -1,    84,    -1,   100,   101,
     102,   103,   104,    -1,    -1,   107,    -1,    -1,    96,    97,
      98,    -1,    -1,    -1,    -1,     1,    -1,   105,   106,    -1,
      -1,   109,   110,   111,   112,    11,    -1,    13,    14,    15,
      16,    17,    -1,    -1,    20,    21,    22,    23,    24,    -1,
      26,    27,    28,    29,    30,    31,    -1,    -1,    -1,    -1,
      -1,    -1,    -1,    -1,    -1,    41,    -1,    -1,    -1,    -1,
      -1,    -1,    -1,    64,    65,    66,    67,    68,    -1,    -1,
      56,    -1,    58,    59,    60,    61,    62,    63,    -1,    -1,
      -1,    -1,    -1,    69,    70,    71,    72,    73,    74,    75,
      76,    92,    93,    94,    95,    -1,    -1,    -1,    84,   100,
     101,   102,   103,   104,    -1,    -1,   107,    -1,    -1,    -1,
      96,    97,    98,    -1,    -1,    -1,    -1,    -1,    -1,   105,
     106,    -1,   108,   109,    -1,   111,   112,     9,    -1,    11,
      -1,    13,    14,    15,    16,    17,    -1,    -1,    20,    21,
      22,    23,    24,    25,    26,    27,    28,    29,    30,    31,
      -1,    -1,    -1,    -1,    -1,    -1,    -1,    -1,    -1,    41,
      -1,    -1,    -1,    -1,    -1,    -1,    -1,    64,    65,    66,
      67,    68,    -1,    -1,    56,    -1,    58,    59,    60,    61,
      62,    63,    -1,    -1,    -1,    -1,    -1,    69,    70,    71,
      72,    73,    74,    75,    76,    -1,    93,    94,    95,    -1,
      -1,    -1,    84,   100,   101,   102,   103,   104,    -1,    -1,
     107,    -1,    -1,    -1,    96,    97,    98,    -1,    -1,    -1,
      -1,    -1,    -1,   105,   106,    -1,    -1,   109,    -1,   111,
     112,     9,    -1,    11,    -1,    13,    14,    15,    16,    17,
      -1,    -1,    20,    21,    22,    23,    24,    -1,    26,    27,
      28,    29,    30,    31,    -1,    -1,    -1,    -1,    -1,    -1,
      -1,    -1,    -1,    41,    -1,    -1,    -1,    -1,    -1,    -1,
      -1,    64,    65,    66,    67,    68,    -1,    -1,    56,    -1,
      58,    59,    60,    61,    62,    63,    -1,    -1,    -1,    -1,
      -1,    69,    70,    71,    72,    73,    74,    75,    76,    -1,
      -1,    94,    95,    -1,    -1,    -1,    84,   100,   101,   102,
     103,   104,    -1,    -1,   107,    -1,    -1,    -1,    96,    97,
      98,    -1,    -1,    -1,    -1,    -1,    -1,   105,   106,    -1,
      -1,   109,    -1,   111,   112,    11,    12,    13,    14,    15,
      16,    17,    -1,    -1,    20,    21,    22,    23,    24,    -1,
      26,    27,    28,    29,    30,    31,    -1,    -1,    -1,    -1,
      -1,    -1,    -1,    -1,    -1,    41,    -1,    -1,    -1,    -1,
      -1,    -1,    -1,    64,    65,    66,    67,    68,    -1,    -1,
      56,    -1,    58,    59,    60,    61,    62,    63,    -1,    -1,
      -1,    -1,    -1,    69,    70,    71,    72,    73,    74,    75,
      76,    -1,    -1,    94,    95,    -1,    -1,    -1,    84,   100,
     101,   102,   103,   104,    -1,    -1,   107,    -1,    -1,    -1,
      96,    97,    98,    -1,    -1,    -1,    -1,    -1,    -1,   105,
     106,    -1,    -1,   109,    -1,   111,   112,    11,    -1,    13,
      14,    15,    16,    17,    -1,    -1,    20,    21,    22,    23,
      24,    -1,    26,    27,    28,    29,    30,    31,    -1,    -1,
      -1,    -1,    -1,    -1,    -1,    -1,    -1,    41,    -1,    -1,
      -1,    -1,    -1,    -1,    -1,    -1,    -1,    66,    67,    68,
      -1,    -1,    56,    -1,    58,    59,    60,    61,    62,    63,
      -1,    -1,    -1,    -1,    -1,    69,    70,    71,    72,    73,
      74,    75,    76,    -1,    -1,    -1,    95,    -1,    -1,    -1,
      84,   100,   101,   102,   103,   104,    -1,    -1,   107,    -1,
      -1,    -1,    96,    97,    98,    -1,    -1,    -1,    -1,    -1,
      -1,   105,   106,    -1,    -1,   109,   110,   111,   112,    11,
      -1,    13,    14,    15,    16,    17,    -1,    -1,    20,    21,
      22,    23,    24,    -1,    26,    27,    28,    29,    30,    31,
      -1,    -1,    -1,    -1,    -1,    -1,    -1,    -1,    -1,    41,
      -1,    -1,    -1,    -1,    -1,    -1,    -1,    -1,    -1,    66,
      67,    -1,    -1,    -1,    56,    -1,    58,    59,    60,    61,
      62,    63,    -1,    -1,    -1,    -1,    -1,    69,    70,    71,
      72,    73,    74,    75,    76,    -1,    -1,    -1,    95,    -1,
      -1,    -1,    84,   100,   101,   102,   103,   104,    -1,    -1,
     107,    -1,    -1,    -1,    96,    97,    98,    -1,    -1,    -1,
      -1,    -1,    -1,   105,   106,    -1,   108,   109,    -1,   111,
     112,    11,    -1,    13,    14,    15,    16,    17,    -1,    -1,
      20,    21,    22,    23,    24,    -1,    26,    27,    28,    29,
      30,    31,    -1,    -1,    -1,    -1,    -1,    -1,    -1,    -1,
      -1,    41,    -1,    -1,    -1,    -1,    -1,    -1,    -1,    -1,
      -1,    -1,    -1,    -1,    -1,    -1,    56,    -1,    58,    59,
      60,    61,    62,    63,    -1,    -1,    -1,    -1,    -1,    69,
      70,    71,    72,    73,    74,    75,    76,    -1,    -1,    -1,
      -1,    -1,    -1,    -1,    84,    -1,    -1,    -1,    -1,    -1,
      -1,    -1,    -1,    -1,    -1,    -1,    96,    97,    98,    -1,
      -1,    -1,    -1,    -1,    -1,   105,   106,    -1,   108,   109,
      -1,   111,   112,    11,    -1,    13,    14,    15,    16,    17,
      -1,    -1,    20,    21,    22,    23,    24,    -1,    26,    27,
      28,    29,    30,    31,    -1,    -1,    -1,    -1,    -1,    -1,
      -1,    -1,    -1,    41,    -1,    -1,    -1,    -1,    -1,    -1,
      -1,    -1,    -1,    -1,    -1,    -1,    -1,    -1,    56,    -1,
      58,    59,    60,    61,    62,    63,    -1,    -1,    -1,    -1,
      -1,    69,    70,    71,    72,    73,    74,    75,    76,    -1,
      -1,    -1,    -1,    -1,    -1,    -1,    84,    -1,    -1,    -1,
      -1,    -1,    -1,    -1,    -1,    -1,    -1,    -1,    96,    97,
      98,    -1,    -1,    -1,    -1,    -1,    -1,   105,   106,    -1,
     108,   109,    -1,   111,   112,    11,    -1,    13,    14,    15,
      16,    17,    -1,    -1,    20,    21,    22,    23,    24,    -1,
      26,    27,    28,    29,    30,    31,    -1,    -1,    -1,    -1,
      -1,    -1,    -1,    -1,    -1,    41,    -1,    -1,    -1,    -1,
      -1,    -1,    -1,    -1,    -1,    -1,    -1,    -1,    -1,    -1,
      56,    -1,    58,    59,    60,    61,    62,    63,    -1,    -1,
      -1,    -1,    -1,    69,    70,    71,    72,    73,    74,    75,
      76,    -1,    -1,    -1,    -1,    -1,    -1,    -1,    84,    -1,
      -1,    -1,    -1,    -1,    -1,    -1,    -1,    -1,    -1,    -1,
      96,    97,    98,    -1,    -1,    -1,    -1,    -1,    -1,   105,
     106,    -1,   108,   109,    -1,   111,   112,    11,    -1,    13,
      14,    15,    16,    17,    -1,    -1,    20,    21,    22,    23,
      24,    -1,    26,    27,    28,    29,    30,    31,    -1,    -1,
      -1,    -1,    -1,    -1,    -1,    -1,    -1,    41,    -1,    -1,
      -1,    -1,    -1,    -1,    -1,    -1,    -1,    -1,    -1,    -1,
      -1,    -1,    56,    -1,    58,    59,    60,    61,    62,    63,
      -1,    -1,    -1,    -1,    -1,    69,    70,    71,    72,    73,
      74,    75,    76,    -1,    -1,    -1,    -1,    -1,    -1,    -1,
      84,    -1,    -1,    -1,    -1,    -1,    -1,    -1,    -1,    -1,
      -1,    -1,    96,    97,    98,    -1,    -1,    -1,    -1,    -1,
      -1,   105,   106,    -1,   108,   109,    -1,   111,   112,    11,
      -1,    13,    14,    15,    16,    17,    -1,    -1,    20,    21,
      22,    23,    24,    -1,    26,    27,    28,    29,    30,    31,
      -1,    -1,    -1,    -1,    -1,    -1,    -1,    -1,    -1,    41,
      -1,    -1,    -1,    -1,    -1,    -1,    -1,    -1,    -1,    -1,
      -1,    -1,    -1,    -1,    56,    -1,    58,    59,    60,    61,
      62,    63,    -1,    -1,    -1,    -1,    -1,    69,    70,    71,
      72,    73,    74,    75,    76,    -1,    -1,    -1,    -1,    -1,
      -1,    -1,    84,    -1,    -1,    -1,    -1,    -1,    -1,    -1,
      -1,    -1,    -1,    -1,    96,    97,    98,    -1,    -1,    -1,
      -1,    -1,    -1,   105,   106,    -1,   108,   109,    -1,   111,
     112,    11,    -1,    13,    14,    15,    16,    17,    -1,    -1,
      20,    21,    22,    23,    24,    -1,    26,    27,    28,    29,
      30,    31,    -1,    -1,    -1,    -1,    -1,    -1,    -1,    -1,
      -1,    41,    -1,    -1,    -1,    -1,    -1,    -1,    -1,    -1,
      -1,    -1,    -1,    -1,    -1,    -1,    56,    -1,    58,    59,
      60,    61,    62,    63,    -1,    -1,    -1,    -1,    -1,    69,
      70,    71,    72,    73,    74,    75,    76,    -1,    -1,    -1,
      -1,    -1,    -1,    -1,    84,    -1,    -1,    -1,    -1,    -1,
      -1,    -1,    -1,    -1,    -1,    -1,    96,    97,    98,    -1,
      -1,    -1,    -1,    -1,    -1,   105,   106,    -1,   108,   109,
      -1,   111,   112,    11,    -1,    13,    14,    15,    16,    17,
      -1,    -1,    20,    21,    22,    23,    24,    -1,    26,    27,
      28,    29,    30,    31,    -1,    -1,    -1,    -1,    -1,    -1,
      -1,    -1,    -1,    41,    -1,    -1,    -1,    -1,    -1,    -1,
      -1,    -1,    -1,    -1,    -1,    -1,    -1,    -1,    56,    -1,
      58,    59,    60,    61,    62,    63,    -1,    -1,    -1,    -1,
      -1,    69,    70,    71,    72,    73,    74,    75,    76,    -1,
      -1,    -1,    -1,    -1,    -1,    -1,    84,    -1,    -1,    -1,
      -1,    -1,    -1,    -1,    -1,    -1,    -1,    -1,    96,    97,
      98,    -1,    -1,    -1,    -1,    -1,    -1,   105,   106,    -1,
      -1,   109,    -1,   111,   112,    11,    -1,    13,    14,    15,
      16,    17,    -1,    -1,    20,    21,    22,    23,    24,    -1,
      26,    27,    28,    29,    30,    31,    -1,    -1,    -1,    -1,
      -1,    -1,    -1,    -1,    -1,    41,    -1,    -1,    -1,    -1,
      -1,    -1,    -1,    -1,    -1,    -1,    -1,    -1,    -1,    -1,
      56,    -1,    58,    59,    60,    61,    62,    63,    -1,    -1,
      -1,    -1,    -1,    69,    70,    71,    72,    73,    74,    75,
      76,    -1,    -1,    -1,    -1,    -1,    -1,    -1,    84,    -1,
      -1,    -1,    -1,    -1,    -1,    -1,    57,    -1,    -1,    -1,
      96,    97,    98,    64,    65,    66,    67,    68,    -1,   105,
     106,    -1,    -1,   109,    -1,   111,   112,    -1,    -1,    -1,
      -1,    -1,    -1,    -1,    -1,    86,    87,    88,    89,    90,
      91,    92,    93,    94,    95,    -1,    -1,    -1,    -1,   100,
     101,   102,   103,   104,    57,    -1,   107,    -1,    -1,    -1,
      -1,    64,    65,    66,    67,    68,    -1,    -1,    -1,    -1,
      -1,    -1,    -1,    -1,    -1,    -1,    -1,    -1,    -1,    -1,
      -1,    -1,    -1,    86,    87,    -1,    89,    90,    91,    92,
      93,    94,    95,    -1,    -1,    -1,    -1,   100,   101,   102,
     103,   104,    57,    -1,   107,    -1,    -1,    -1,    -1,    64,
      65,    66,    67,    68,    -1,    -1,    -1,    -1,    -1,    -1,
      -1,    -1,    -1,    -1,    -1,    -1,    -1,    -1,    -1,    -1,
      -1,    -1,    87,    -1,    89,    90,    91,    92,    93,    94,
      95,    -1,    -1,    -1,    -1,   100,   101,   102,   103,   104,
      57,    -1,   107,    -1,    -1,    -1,    -1,    64,    65,    66,
      67,    68,    -1,    -1,    -1,    -1,    -1,    -1,    -1,    -1,
      -1,    -1,    -1,    -1,    -1,    -1,    -1,    -1,    -1,    -1,
      -1,    -1,    89,    90,    91,    92,    93,    94,    95,    -1,
      -1,    -1,    -1,   100,   101,   102,   103,   104,    -1,    -1,
     107
};

/* YYSTOS[STATE-NUM] -- The (internal number of the) accessing
   symbol of state STATE-NUM.  */
static const yytype_uint8 yystos[] =
{
       0,     3,     4,     5,     6,     7,     8,   115,   116,   117,
     118,   119,   120,   121,     0,   124,    11,    13,    14,    15,
      16,    17,    20,    21,    22,    23,    24,    26,    27,    28,
      29,    30,    31,    41,    56,    58,    59,    60,    61,    62,
      63,    69,    70,    71,    72,    73,    74,    75,    76,    84,
      96,    97,    98,   105,   106,   109,   111,   112,   167,   168,
     169,   172,   173,   174,   175,   176,   177,   179,   183,   191,
     192,   193,   196,   197,   198,   199,   200,   201,     9,   122,
       1,    32,    33,    36,    37,    38,    39,    40,    42,    43,
      44,    45,    46,    47,    48,    52,    53,    54,    55,   110,
     122,   131,   146,   156,   167,    34,   129,   130,   131,   127,
     127,    12,   167,   177,   177,    20,    25,   122,   192,   202,
     202,   202,   202,   202,   178,    11,   109,   177,   158,   158,
     177,   109,   109,   109,   122,   177,    20,   168,   182,   192,
     202,   202,   122,   177,   110,   167,    20,    25,   160,   177,
      15,    98,   109,   180,   192,   193,   194,   195,   196,    15,
     181,   192,   193,   194,   196,   177,   168,   177,   177,   177,
     177,   177,   108,   167,   202,   202,    81,    82,    83,    85,
       9,    11,   109,    57,    64,    65,    66,    67,    68,    86,
      87,    89,    90,    91,    92,    93,    94,    95,   100,   101,
     102,   103,   104,   107,   109,     9,    11,     9,    11,     9,
      11,     9,   124,     9,    35,   159,   160,    20,   157,   109,
     109,   109,   109,    74,    98,   109,   124,   190,   192,   109,
     109,   122,    51,   148,   110,   160,    45,    46,    47,    48,
      52,    54,   130,   131,   129,    12,   182,   109,   109,   167,
     108,   122,    23,   124,   161,   108,   108,   167,   183,   202,
     168,    10,   110,   182,    25,   109,   177,   180,   192,   193,
     196,   108,   167,    77,   163,    86,   163,    25,   163,    11,
     108,   167,   167,   167,   177,   167,   167,   108,   167,   177,
     177,   177,   177,   177,   177,   177,   177,   177,   177,   177,
     177,   177,   177,   177,   177,     9,    11,    15,    16,    17,
      21,    69,   109,   111,   112,   171,   192,   108,   167,   167,
     167,   167,   167,   167,   167,   167,   127,   124,   122,    20,
     155,   157,    20,   135,   124,   124,   124,   124,    98,   124,
      74,   188,   189,   191,   192,   193,   196,   124,    26,   124,
      26,   109,   185,   124,   124,   122,   157,   167,   152,   167,
     167,   167,   167,   167,   183,   168,    12,   170,   109,   164,
      77,   162,   108,   108,   167,    10,    11,   108,   167,   163,
     108,    23,   109,    86,    11,   167,    11,   110,    12,   108,
      88,   167,   167,   112,   112,   112,   112,   108,   167,   112,
     112,   109,   108,   110,    12,   110,    12,   110,    12,   110,
      10,   143,    18,   123,   134,     9,   110,    20,   151,   167,
     152,   153,   167,   153,   187,   192,   109,   146,   150,   153,
     154,   167,   141,   188,   186,   124,   153,   153,   132,   133,
     108,   113,   184,   182,   165,   162,    23,   122,   108,    12,
      23,   108,   168,   109,    12,   167,    10,   177,   110,    12,
     108,   183,    10,    10,    10,    10,   127,   124,   164,   124,
      20,   108,   108,   108,   108,   185,   124,   108,   110,     9,
     125,   140,   109,   153,   108,   108,   161,   124,   167,   108,
     108,     9,    12,   108,   168,    12,    10,   108,    10,   110,
     162,   142,   182,   149,   149,   125,   125,   153,   153,   125,
     136,   126,   148,   109,   108,   125,   125,   162,   164,   127,
     108,    79,   110,   127,   110,   125,   125,    49,    50,   147,
     147,   108,   108,   148,   151,   127,   153,   139,   110,   122,
     166,   162,    10,   128,    10,   148,   148,   125,   109,   138,
     125,   110,    10,   108,   125,     9,    23,   110,   144,   153,
     125,   148,   137,   125,   148,   127,    78,   145,    19,   108,
     148,   149,   148,    10,   127,   125,   154,    79,   147,   108,
     125
};

typedef enum {
	toketype_ival, toketype_opval, toketype_pval
} toketypes;

/* type of each token/terminal */
static const toketypes yy_type_tab[] =
{
  toketype_ival, toketype_ival, toketype_ival, toketype_ival, toketype_ival, toketype_ival,
  toketype_ival, toketype_ival, toketype_ival, toketype_ival, toketype_ival, toketype_ival,
  toketype_ival, toketype_ival, toketype_ival, toketype_ival, toketype_ival, toketype_ival, toketype_ival, toketype_ival, toketype_opval,
  toketype_opval, toketype_opval, toketype_opval, toketype_opval, toketype_opval, toketype_opval,
  toketype_opval, toketype_opval, toketype_opval, toketype_opval, toketype_opval, toketype_opval,
  toketype_opval, toketype_opval, toketype_opval, toketype_pval, toketype_ival, toketype_ival, toketype_ival,
  toketype_ival, toketype_ival, toketype_ival, toketype_ival, toketype_ival, toketype_ival, toketype_ival,
  toketype_ival, toketype_ival, toketype_ival, toketype_ival, toketype_ival, toketype_ival, toketype_ival, toketype_ival,
  toketype_ival, toketype_ival, toketype_ival, toketype_ival, toketype_ival, toketype_ival, toketype_ival,
  toketype_ival, toketype_ival, toketype_ival, toketype_ival, toketype_ival, toketype_ival, toketype_ival,
  toketype_ival, toketype_ival, toketype_ival, toketype_ival, toketype_ival, toketype_ival, toketype_ival, toketype_ival,
  toketype_ival, toketype_ival, toketype_ival, toketype_ival, toketype_ival, toketype_ival,
  toketype_ival, toketype_ival, toketype_ival, toketype_ival, toketype_ival, toketype_ival, toketype_ival, toketype_ival,
  toketype_ival, toketype_ival, toketype_ival, toketype_ival, toketype_ival, toketype_ival, toketype_ival,
  toketype_ival, toketype_ival, toketype_ival, toketype_ival, toketype_ival, toketype_ival, toketype_ival,
  toketype_ival, toketype_ival, toketype_ival, toketype_ival, toketype_ival, toketype_ival, toketype_ival, toketype_ival, toketype_ival,
  toketype_ival, toketype_ival, toketype_ival, toketype_ival, toketype_ival, toketype_ival, toketype_ival, toketype_ival, toketype_opval,
  toketype_opval, toketype_ival, toketype_opval, toketype_ival, toketype_opval, toketype_opval,
  toketype_opval, toketype_opval, toketype_opval, toketype_ival, toketype_ival, toketype_ival, toketype_ival,
  toketype_ival, toketype_ival, toketype_ival, toketype_ival, toketype_ival, toketype_ival, toketype_ival, toketype_ival,
  toketype_opval, toketype_opval, toketype_opval, toketype_opval, toketype_opval, toketype_ival, toketype_opval,
  toketype_opval, toketype_opval, toketype_opval, toketype_opval, toketype_opval, toketype_ival, toketype_ival,
  toketype_ival, toketype_ival, toketype_opval, toketype_opval, toketype_opval,
  toketype_opval, toketype_opval, toketype_ival, toketype_opval, toketype_opval, toketype_opval,
  toketype_opval, toketype_ival, toketype_opval, toketype_opval, toketype_opval, toketype_opval,
  toketype_opval, toketype_opval, toketype_opval, toketype_ival, toketype_opval, toketype_opval, toketype_opval,
  toketype_opval, toketype_opval, toketype_opval, toketype_ival, toketype_ival, toketype_opval,
  toketype_opval, toketype_opval, toketype_ival, toketype_opval, toketype_opval, toketype_opval,
  toketype_opval, toketype_opval, toketype_opval, toketype_opval, toketype_opval, toketype_opval,
  toketype_opval, toketype_opval, toketype_opval
};

/* Generated from:
 * c50c7be0b0fccf0d12d6a52a36cc8c137580e4bae03c8812966eb504a11965d6 perly.y
 * 25c852d9fc4ee1fa7741d85b998cb1c114ca562f098ad0e98d8b0a15aadf00f9 regen_perly.pl
 * ex: set ro: */
