/* ex: set ro ft=c: -*- buffer-read-only: t -*-
   !!!!!!!   DO NOT EDIT THIS FILE   !!!!!!!
   This file is built by regen_perly.pl from perly.y.
   Any changes made here will be lost!
 */

#define YYFINAL  14
/* YYLAST -- Last index in YYTABLE.  */
#define YYLAST   2995

/* YYNTOKENS -- Number of terminals.  */
#define YYNTOKENS  106
/* YYNNTS -- Number of nonterminals.  */
#define YYNNTS  81
/* YYNRULES -- Number of rules.  */
#define YYNRULES  259
/* YYNRULES -- Number of states.  */
#define YYNSTATES  520

/* YYTRANSLATE(YYLEX) -- Bison symbol number corresponding to YYLEX.  */
#define YYUNDEFTOK  2
#define YYMAXUTOK   338

#define YYTRANSLATE(YYX)						\
  ((unsigned int) (YYX) <= YYMAXUTOK ? yytranslate[YYX] : YYUNDEFTOK)

/* YYTRANSLATE[YYLEX] -- Bison symbol number corresponding to YYLEX.  */
static const yytype_uint8 yytranslate[] =
{
       0,     2,     2,     2,     2,     2,     2,     2,     2,     2,
       2,     2,     2,     2,     2,     2,     2,     2,     2,     2,
       2,     2,     2,     2,     2,     2,     2,     2,     2,     2,
       2,     2,     2,    88,     2,     2,   103,    16,    17,     2,
     101,   100,   104,    14,    77,    13,    19,   105,     2,     2,
       2,     2,     2,     2,     2,     2,     2,     2,    80,   102,
       2,    18,     2,    79,    15,     2,     2,     2,     2,     2,
       2,     2,     2,     2,     2,     2,     2,     2,     2,     2,
       2,     2,     2,     2,     2,     2,     2,     2,     2,     2,
       2,    11,     2,    12,     2,     2,     2,     2,     2,     2,
       2,     2,     2,     2,     2,     2,     2,     2,     2,     2,
       2,     2,     2,     2,     2,     2,     2,     2,     2,     2,
       2,     2,     2,     9,     2,    10,    89,     2,     2,     2,
       2,     2,     2,     2,     2,     2,     2,     2,     2,     2,
       2,     2,     2,     2,     2,     2,     2,     2,     2,     2,
       2,     2,     2,     2,     2,     2,     2,     2,     2,     2,
       2,     2,     2,     2,     2,     2,     2,     2,     2,     2,
       2,     2,     2,     2,     2,     2,     2,     2,     2,     2,
       2,     2,     2,     2,     2,     2,     2,     2,     2,     2,
       2,     2,     2,     2,     2,     2,     2,     2,     2,     2,
       2,     2,     2,     2,     2,     2,     2,     2,     2,     2,
       2,     2,     2,     2,     2,     2,     2,     2,     2,     2,
       2,     2,     2,     2,     2,     2,     2,     2,     2,     2,
       2,     2,     2,     2,     2,     2,     2,     2,     2,     2,
       2,     2,     2,     2,     2,     2,     2,     2,     2,     2,
       2,     2,     2,     2,     2,     2,     1,     2,     3,     4,
       5,     6,     7,     8,    20,    21,    22,    23,    24,    25,
      26,    27,    28,    29,    30,    31,    32,    33,    34,    35,
      36,    37,    38,    39,    40,    41,    42,    43,    44,    45,
      46,    47,    48,    49,    50,    51,    52,    53,    54,    55,
      56,    57,    58,    59,    60,    61,    62,    63,    64,    65,
      66,    67,    68,    69,    70,    71,    72,    73,    74,    75,
      76,    78,    81,    82,    83,    84,    85,    86,    87,    90,
      91,    92,    93,    94,    95,    96,    97,    98,    99
};

#if YYDEBUG
/* YYPRHS[YYN] -- Index of the first RHS symbol of rule number YYN in
   YYRHS.  */
static const yytype_uint16 yyprhs[] =
{
       0,     0,     3,     4,     9,    10,    14,    15,    19,    20,
      24,    25,    29,    30,    34,    39,    47,    48,    53,    54,
      55,    58,    59,    62,    64,    66,    69,    72,    74,    79,
      80,    88,    89,   100,   105,   106,   114,   122,   130,   137,
     144,   147,   156,   165,   166,   167,   181,   191,   200,   201,
     213,   223,   231,   234,   235,   244,   247,   249,   252,   253,
     257,   259,   261,   265,   269,   273,   277,   281,   285,   286,
     289,   296,   297,   300,   301,   302,   304,   305,   307,   309,
     311,   313,   315,   317,   318,   319,   320,   321,   323,   325,
     326,   328,   329,   332,   334,   337,   339,   340,   344,   346,
     348,   352,   356,   360,   362,   365,   369,   371,   375,   381,
     388,   392,   396,   402,   405,   410,   411,   417,   419,   421,
     427,   432,   438,   443,   449,   456,   462,   467,   473,   478,
     482,   489,   494,   500,   504,   508,   512,   516,   520,   524,
     528,   532,   536,   540,   544,   548,   552,   556,   559,   562,
     565,   568,   571,   574,   577,   580,   583,   586,   590,   593,
     598,   602,   608,   617,   620,   623,   625,   627,   629,   631,
     637,   640,   642,   645,   649,   651,   654,   656,   658,   660,
     662,   664,   666,   671,   676,   682,   688,   690,   692,   696,
     701,   705,   710,   715,   720,   725,   730,   732,   735,   738,
     740,   743,   746,   748,   751,   753,   756,   758,   762,   764,
     768,   770,   774,   779,   780,   787,   789,   791,   793,   795,
     799,   802,   806,   809,   811,   813,   815,   817,   818,   820,
     821,   823,   824,   827,   829,   830,   834,   836,   838,   840,
     842,   844,   846,   849,   852,   855,   861,   864,   867,   872,
     875,   877,   881,   883,   887,   889,   893,   895,   897,   899
};

/* YYRHS -- A `-1'-separated list of the rules' RHS.  */
static const yytype_int16 yyrhs[] =
{
     107,     0,    -1,    -1,     3,   108,   116,   119,    -1,    -1,
       4,   109,   169,    -1,    -1,     5,   110,   114,    -1,    -1,
       6,   111,   123,    -1,    -1,     7,   112,   121,    -1,    -1,
       8,   113,   119,    -1,     9,   116,   119,    10,    -1,    18,
     116,   102,    71,   120,   102,    19,    -1,    -1,     9,   118,
     119,    10,    -1,    -1,    -1,   119,   121,    -1,    -1,   120,
     131,    -1,   123,    -1,   122,    -1,    33,   123,    -1,    33,
     122,    -1,    32,    -1,    34,   146,   143,   115,    -1,    -1,
      35,   147,   144,   124,   148,   149,   153,    -1,    -1,    35,
     147,   144,   125,   116,   151,   149,     9,   119,    10,    -1,
      37,    20,    20,   102,    -1,    -1,    38,   144,   126,    20,
      20,   168,   102,    -1,    41,   171,   116,   140,   100,   117,
     134,    -1,    42,   171,   116,   142,   100,   117,   134,    -1,
      47,   171,   116,   140,   100,   117,    -1,    48,   171,   116,
     140,   100,   117,    -1,    49,   114,    -1,    39,   171,   116,
     138,   100,   136,   117,   135,    -1,    40,   171,   116,   139,
     100,   136,   117,   135,    -1,    -1,    -1,    46,   171,   116,
     141,   102,   127,   138,   102,   128,   136,   141,   100,   117,
      -1,    46,    67,   116,   173,   171,   140,   100,   117,   135,
      -1,    46,   177,   171,   116,   140,   100,   117,   135,    -1,
      -1,    46,    90,    67,   116,   174,   129,   101,   140,   100,
     117,   135,    -1,    46,    90,   175,   101,   116,   140,   100,
     117,   135,    -1,    46,   171,   116,   140,   100,   117,   135,
      -1,   114,   135,    -1,    -1,    37,    20,    20,     9,   116,
     130,   119,    10,    -1,   133,   102,    -1,   102,    -1,    23,
     132,    -1,    -1,    70,   119,    71,    -1,     1,    -1,   154,
      -1,   154,    41,   154,    -1,   154,    42,   154,    -1,   154,
      39,   154,    -1,   154,    40,   139,    -1,   154,    46,   154,
      -1,   154,    48,   154,    -1,    -1,    43,   117,    -1,    44,
     101,   140,   100,   117,   134,    -1,    -1,    45,   114,    -1,
      -1,    -1,   133,    -1,    -1,   154,    -1,   154,    -1,   154,
      -1,   137,    -1,   139,    -1,    20,    -1,    -1,    -1,    -1,
      -1,    20,    -1,    25,    -1,    -1,    23,    -1,    -1,    69,
      23,    -1,    69,    -1,    69,    23,    -1,    69,    -1,    -1,
     101,   152,   100,    -1,   114,    -1,   102,    -1,   154,    75,
     154,    -1,   154,    74,   154,    -1,   154,    73,   154,    -1,
     155,    -1,   155,    77,    -1,   155,    77,   164,    -1,   164,
      -1,    57,   186,   155,    -1,    55,   101,   186,   154,   100,
      -1,   164,    99,   158,   101,   169,   100,    -1,   164,    99,
     158,    -1,    21,   186,   168,    -1,    22,   186,   101,   169,
     100,    -1,    57,   168,    -1,    55,   101,   169,   100,    -1,
      -1,    30,   145,   114,   157,   168,    -1,    21,    -1,   177,
      -1,   185,     9,   154,   102,    10,    -1,   177,    11,   154,
      12,    -1,   164,    99,    11,   154,    12,    -1,   159,    11,
     154,    12,    -1,   177,     9,   154,   102,    10,    -1,   164,
      99,     9,   154,   102,    10,    -1,   159,     9,   154,   102,
      10,    -1,   164,    99,   101,   100,    -1,   164,    99,   101,
     154,   100,    -1,   159,   101,   154,   100,    -1,   159,   101,
     100,    -1,   101,   154,   100,    11,   154,    12,    -1,    26,
      11,   154,    12,    -1,   101,   100,    11,   154,    12,    -1,
     164,    78,   164,    -1,   164,    93,   164,    -1,   164,    60,
     164,    -1,   164,    61,   164,    -1,   164,    86,   164,    -1,
     164,    58,   164,    -1,   164,    59,   164,    -1,   164,    85,
     164,    -1,   164,    84,   164,    -1,   164,    51,   164,    -1,
     164,    83,   164,    -1,   164,    82,   164,    -1,   164,    81,
     164,    -1,   164,    87,   164,    -1,    13,   164,    -1,    14,
     164,    -1,    88,   164,    -1,    89,   164,    -1,   164,    96,
      -1,   164,    95,    -1,   164,    94,    -1,   164,    92,    -1,
      98,   164,    -1,    97,   164,    -1,    11,   154,    12,    -1,
      11,    12,    -1,    64,   154,   102,    10,    -1,    64,   102,
      10,    -1,    36,   145,   148,   149,   114,    -1,    36,   145,
     116,   151,   149,     9,   119,    10,    -1,    63,   164,    -1,
      63,   114,    -1,   160,    -1,   161,    -1,   162,    -1,   163,
      -1,   164,    79,   164,    80,   164,    -1,    90,   164,    -1,
     166,    -1,    66,   164,    -1,   101,   154,   100,    -1,    26,
      -1,   101,   100,    -1,   177,    -1,   182,    -1,   180,    -1,
     178,    -1,   181,    -1,   159,    -1,   183,    11,   154,    12,
      -1,   184,    11,   154,    12,    -1,   183,     9,   154,   102,
      10,    -1,   184,     9,   154,   102,    10,    -1,    23,    -1,
     176,    -1,   176,   101,   100,    -1,   176,   101,   154,   100,
      -1,    65,   147,   168,    -1,   164,    99,   103,   104,    -1,
     164,    99,    15,   104,    -1,   164,    99,    16,   104,    -1,
     164,    99,    17,   104,    -1,   164,    99,   104,   104,    -1,
      50,    -1,    50,   164,    -1,    76,   155,    -1,    56,    -1,
      56,   114,    -1,    56,   164,    -1,    68,    -1,    68,   164,
      -1,    29,    -1,    29,   164,    -1,    53,    -1,    53,   101,
     100,    -1,    27,    -1,    27,   101,   100,    -1,    28,    -1,
      54,   101,   100,    -1,    54,   101,   154,   100,    -1,    -1,
      24,   165,   101,   155,   170,   100,    -1,    20,    -1,   156,
      -1,    52,    -1,    31,    -1,    67,   167,   150,    -1,    67,
     167,    -1,   101,   154,   100,    -1,   101,   100,    -1,   177,
      -1,   180,    -1,   179,    -1,   178,    -1,    -1,   155,    -1,
      -1,   154,    -1,    -1,   105,   154,    -1,   101,    -1,    -1,
      26,   172,   101,    -1,   177,    -1,   177,    -1,   178,    -1,
     180,    -1,   174,    -1,   176,    -1,    17,   186,    -1,   103,
     186,    -1,    15,   186,    -1,    15,    25,    11,    23,    12,
      -1,    16,   186,    -1,    62,   186,    -1,   164,    99,    62,
     104,    -1,   104,   186,    -1,   178,    -1,   164,    99,    15,
      -1,   180,    -1,   164,    99,    16,    -1,   182,    -1,   164,
      99,   104,    -1,    20,    -1,   177,    -1,   114,    -1,    25,
      -1
};

/* YYRLINE[YYN] -- source line where rule number YYN was defined.  */
static const yytype_uint16 yyrline[] =
{
       0,   116,   116,   115,   126,   125,   135,   134,   147,   146,
     159,   158,   171,   170,   182,   190,   198,   202,   210,   216,
     217,   227,   228,   237,   241,   245,   249,   256,   258,   269,
     268,   302,   301,   340,   348,   347,   356,   362,   368,   379,
     381,   383,   390,   398,   400,   397,   417,   422,   429,   428,
     443,   451,   457,   464,   463,   478,   482,   490,   508,   509,
     514,   516,   518,   520,   522,   524,   526,   529,   535,   536,
     541,   552,   553,   559,   565,   566,   571,   574,   578,   583,
     587,   591,   595,   596,   600,   606,   611,   616,   617,   622,
     623,   628,   629,   631,   636,   638,   644,   643,   662,   663,
     667,   669,   671,   673,   677,   679,   684,   688,   692,   696,
     702,   707,   713,   719,   721,   724,   723,   734,   735,   739,
     743,   746,   751,   756,   759,   763,   767,   770,   775,   779,
     782,   784,   786,   791,   793,   795,   800,   802,   804,   806,
     808,   810,   812,   814,   816,   818,   820,   825,   827,   830,
     832,   834,   837,   840,   851,   854,   857,   864,   866,   868,
     870,   872,   875,   889,   891,   895,   896,   897,   898,   899,
     901,   903,   905,   907,   909,   911,   913,   915,   917,   919,
     921,   923,   925,   935,   945,   955,   965,   967,   969,   972,
     977,   981,   983,   985,   987,   990,   992,   995,   997,   999,
    1001,  1003,  1005,  1007,  1009,  1011,  1014,  1016,  1018,  1020,
    1022,  1024,  1028,  1031,  1030,  1043,  1044,  1045,  1050,  1054,
    1056,  1061,  1063,  1066,  1068,  1070,  1072,  1077,  1079,  1084,
    1085,  1090,  1091,  1095,  1098,  1097,  1105,  1109,  1110,  1111,
    1114,  1115,  1118,  1122,  1126,  1132,  1161,  1167,  1169,  1173,
    1177,  1178,  1182,  1183,  1187,  1188,  1193,  1195,  1197,  1200
};
#endif

#if YYDEBUG || YYERROR_VERBOSE || YYTOKEN_TABLE
/* YYTNAME[SYMBOL-NUM] -- String name of the symbol SYMBOL-NUM.
   First, the terminals, then, starting at YYNTOKENS, nonterminals.  */
static const char *const yytname[] =
{
  "$end", "error", "$undefined", "GRAMPROG", "GRAMEXPR", "GRAMBLOCK",
  "GRAMBARESTMT", "GRAMFULLSTMT", "GRAMSTMTSEQ", "'{'", "'}'", "'['",
  "']'", "'-'", "'+'", "'@'", "'%'", "'&'", "'='", "'.'", "WORD", "METHOD",
  "FUNCMETH", "THING", "PMFUNC", "PRIVATEREF", "QWLIST", "FUNC0OP",
  "FUNC0SUB", "UNIOPSUB", "LSTOPSUB", "PLUGEXPR", "PLUGSTMT", "LABEL",
  "FORMAT", "SUB", "ANONSUB", "PACKAGE", "USE", "WHILE", "UNTIL", "IF",
  "UNLESS", "ELSE", "ELSIF", "CONTINUE", "FOR", "GIVEN", "WHEN", "DEFAULT",
  "LOOPEX", "DOTDOT", "YADAYADA", "FUNC0", "FUNC1", "FUNC", "UNIOP",
  "LSTOP", "RELOP", "EQOP", "MULOP", "ADDOP", "DOLSHARP", "DO",
  "HASHBRACK", "NOAMP", "LOCAL", "MY", "REQUIRE", "COLONATTR",
  "FORMLBRACK", "FORMRBRACK", "PREC_LOW", "DOROP", "OROP", "ANDOP",
  "NOTOP", "','", "ASSIGNOP", "'?'", "':'", "DORDOR", "OROR", "ANDAND",
  "BITOROP", "BITANDOP", "SHIFTOP", "MATCHOP", "'!'", "'~'", "REFGEN",
  "UMINUS", "POWCOP", "POWOP", "POSTJOIN", "POSTDEC", "POSTINC", "PREDEC",
  "PREINC", "ARROW", "')'", "'('", "';'", "'$'", "'*'", "'/'", "$accept",
  "grammar", "$@1", "$@2", "$@3", "$@4", "$@5", "$@6", "block",
  "formblock", "remember", "mblock", "mremember", "stmtseq", "formstmtseq",
  "fullstmt", "labfullstmt", "barestmt", "$@7", "$@8", "$@9", "$@10",
  "$@11", "@12", "$@13", "formline", "formarg", "sideff", "else", "cont",
  "mintro", "nexpr", "texpr", "iexpr", "mexpr", "mnexpr", "miexpr",
  "formname", "startsub", "startanonsub", "startformsub", "subname",
  "proto", "subattrlist", "myattrlist", "subsignature", "@14",
  "optsubbody", "expr", "listexpr", "listop", "@15", "method",
  "subscripted", "termbinop", "termunop", "anonymous", "termdo", "term",
  "@16", "myattrterm", "myterm", "optlistexpr", "optexpr", "optrepl",
  "lpar_or_qw", "$@17", "my_scalar", "my_var", "refgen_topic", "amper",
  "scalar", "ary", "sizearydecl", "hsh", "arylen", "star", "sliceme",
  "kvslice", "gelem", "indirob", YY_NULL
};
#endif

# ifdef YYPRINT
/* YYTOKNUM[YYLEX-NUM] -- Internal token number corresponding to
   token YYLEX-NUM.  */
static const yytype_uint16 yytoknum[] =
{
       0,   256,   257,   258,   259,   260,   261,   262,   263,   123,
     125,    91,    93,    45,    43,    64,    37,    38,    61,    46,
     264,   265,   266,   267,   268,   269,   270,   271,   272,   273,
     274,   275,   276,   277,   278,   279,   280,   281,   282,   283,
     284,   285,   286,   287,   288,   289,   290,   291,   292,   293,
     294,   295,   296,   297,   298,   299,   300,   301,   302,   303,
     304,   305,   306,   307,   308,   309,   310,   311,   312,   313,
     314,   315,   316,   317,   318,   319,   320,    44,   321,    63,
      58,   322,   323,   324,   325,   326,   327,   328,    33,   126,
     329,   330,   331,   332,   333,   334,   335,   336,   337,   338,
      41,    40,    59,    36,    42,    47
};
# endif

/* YYR1[YYN] -- Symbol number of symbol that rule YYN derives.  */
static const yytype_uint8 yyr1[] =
{
       0,   106,   108,   107,   109,   107,   110,   107,   111,   107,
     112,   107,   113,   107,   114,   115,   116,   117,   118,   119,
     119,   120,   120,   121,   121,   122,   122,   123,   123,   124,
     123,   125,   123,   123,   126,   123,   123,   123,   123,   123,
     123,   123,   123,   127,   128,   123,   123,   123,   129,   123,
     123,   123,   123,   130,   123,   123,   123,   131,   132,   132,
     133,   133,   133,   133,   133,   133,   133,   133,   134,   134,
     134,   135,   135,   136,   137,   137,   138,   138,   139,   140,
     141,   142,   143,   143,   144,   145,   146,   147,   147,   148,
     148,   149,   149,   149,   150,   150,   152,   151,   153,   153,
     154,   154,   154,   154,   155,   155,   155,   156,   156,   156,
     156,   156,   156,   156,   156,   157,   156,   158,   158,   159,
     159,   159,   159,   159,   159,   159,   159,   159,   159,   159,
     159,   159,   159,   160,   160,   160,   160,   160,   160,   160,
     160,   160,   160,   160,   160,   160,   160,   161,   161,   161,
     161,   161,   161,   161,   161,   161,   161,   162,   162,   162,
     162,   162,   162,   163,   163,   164,   164,   164,   164,   164,
     164,   164,   164,   164,   164,   164,   164,   164,   164,   164,
     164,   164,   164,   164,   164,   164,   164,   164,   164,   164,
     164,   164,   164,   164,   164,   164,   164,   164,   164,   164,
     164,   164,   164,   164,   164,   164,   164,   164,   164,   164,
     164,   164,   164,   165,   164,   164,   164,   164,   164,   166,
     166,   167,   167,   167,   167,   167,   167,   168,   168,   169,
     169,   170,   170,   171,   172,   171,   173,   174,   174,   174,
     175,   175,   176,   177,   178,   179,   180,   181,   181,   182,
     183,   183,   184,   184,   185,   185,   186,   186,   186,   186
};

/* YYR2[YYN] -- Number of symbols composing right hand side of rule YYN.  */
static const yytype_uint8 yyr2[] =
{
       0,     2,     0,     4,     0,     3,     0,     3,     0,     3,
       0,     3,     0,     3,     4,     7,     0,     4,     0,     0,
       2,     0,     2,     1,     1,     2,     2,     1,     4,     0,
       7,     0,    10,     4,     0,     7,     7,     7,     6,     6,
       2,     8,     8,     0,     0,    13,     9,     8,     0,    11,
       9,     7,     2,     0,     8,     2,     1,     2,     0,     3,
       1,     1,     3,     3,     3,     3,     3,     3,     0,     2,
       6,     0,     2,     0,     0,     1,     0,     1,     1,     1,
       1,     1,     1,     0,     0,     0,     0,     1,     1,     0,
       1,     0,     2,     1,     2,     1,     0,     3,     1,     1,
       3,     3,     3,     1,     2,     3,     1,     3,     5,     6,
       3,     3,     5,     2,     4,     0,     5,     1,     1,     5,
       4,     5,     4,     5,     6,     5,     4,     5,     4,     3,
       6,     4,     5,     3,     3,     3,     3,     3,     3,     3,
       3,     3,     3,     3,     3,     3,     3,     2,     2,     2,
       2,     2,     2,     2,     2,     2,     2,     3,     2,     4,
       3,     5,     8,     2,     2,     1,     1,     1,     1,     5,
       2,     1,     2,     3,     1,     2,     1,     1,     1,     1,
       1,     1,     4,     4,     5,     5,     1,     1,     3,     4,
       3,     4,     4,     4,     4,     4,     1,     2,     2,     1,
       2,     2,     1,     2,     1,     2,     1,     3,     1,     3,
       1,     3,     4,     0,     6,     1,     1,     1,     1,     3,
       2,     3,     2,     1,     1,     1,     1,     0,     1,     0,
       1,     0,     2,     1,     0,     3,     1,     1,     1,     1,
       1,     1,     2,     2,     2,     5,     2,     2,     4,     2,
       1,     3,     1,     3,     1,     3,     1,     1,     1,     1
};

/* YYDEFACT[STATE-NAME] -- Default reduction number in state STATE-NUM.
   Performed when YYTABLE doesn't specify something else to do.  Zero
   means the default is an error.  */
static const yytype_uint16 yydefact[] =
{
       0,     2,     4,     6,     8,    10,    12,     0,    16,   229,
       0,     0,     0,    19,     1,    19,     0,     0,     0,     0,
       0,     0,   215,     0,     0,   186,   213,   174,   208,   210,
     204,    85,   218,    85,   196,   217,   206,     0,     0,   199,
     227,     0,     0,     0,     0,     0,     0,   202,     0,     0,
       0,     0,     0,     0,     0,     0,     0,   230,   103,   216,
     181,   165,   166,   167,   168,   106,   171,     5,   187,   176,
     179,   178,   180,   177,     0,     0,     0,    16,     7,    60,
      27,    86,     0,     0,    84,     0,     0,     0,     0,     0,
       0,     0,     0,    56,    71,     9,     0,    61,     0,    11,
      24,    23,     0,     0,   158,     0,   147,   148,   256,   259,
     258,   257,   244,   246,   242,   227,     0,     0,     0,     0,
     205,     0,    89,   197,     0,     0,   229,   200,   201,   256,
     228,   113,   257,     0,   247,   164,   163,     0,     0,    87,
      88,   227,   172,     0,     0,   220,   223,   226,   225,   224,
     203,   198,   149,   150,   170,   156,   155,   175,     0,   243,
     249,     0,     0,     0,   104,     0,     0,     0,     0,     0,
       0,     0,     0,     0,     0,     0,     0,     0,     0,     0,
       0,     0,   154,     0,   153,   152,   151,     0,     0,     0,
       0,     0,     0,     0,     0,     0,    19,    83,    84,     0,
      34,   234,   233,    16,    16,    16,    16,    16,     0,    16,
       0,    16,    16,    40,     0,    52,    55,     0,     0,     0,
       0,     0,     0,    26,    25,    20,   157,   111,   229,     0,
       0,   209,   115,    90,     0,    91,   207,   211,     0,     0,
       0,   107,   160,     0,   190,   259,   222,     0,    95,   219,
       0,   173,   102,   101,   100,   105,     0,     0,   129,     0,
     142,   138,   139,   135,   136,   133,     0,   145,   144,   143,
     141,   140,   137,   146,   134,     0,     0,   251,   253,     0,
     117,     0,     0,     0,   255,   110,   118,   188,     0,     0,
       0,     0,     0,     0,     0,     0,     0,    82,     0,    29,
       0,     0,     0,    76,     0,     0,     0,     0,    16,   240,
       0,   241,   237,   238,   239,     0,    16,     0,     0,    72,
      64,    65,    78,    62,    63,    66,    67,     0,   231,   131,
     227,    96,    91,    93,     0,   212,   114,     0,   159,     0,
     221,    94,     0,     0,     0,   122,   128,     0,     0,     0,
     192,   193,   194,   248,   126,     0,   191,   195,   229,   189,
       0,   120,     0,   182,     0,   183,     0,    14,    16,    28,
      89,    16,    16,    33,     0,   235,     0,    77,     0,     0,
      79,    81,     0,     0,   236,     0,    16,    75,    80,     0,
       0,    61,     0,     0,     0,   112,     0,     0,   116,     0,
       0,    92,   161,   108,     0,   132,     0,   125,   169,     0,
     121,   127,     0,   123,   184,   185,   119,     0,    91,     0,
      53,   227,    73,    73,     0,     0,     0,    48,     0,     0,
      43,     0,     0,     0,   232,   214,    97,    19,   245,   130,
     124,   109,     0,     0,    91,    19,     0,     0,     0,    18,
      68,    68,     0,     0,     0,    71,    76,     0,    38,    39,
       0,    21,    99,    98,    30,     0,     0,    35,    71,    71,
      19,     0,     0,    36,    37,     0,     0,     0,    51,     0,
      71,   162,     0,    19,    54,    41,    42,     0,    69,     0,
      71,     0,    71,    44,    47,    58,     0,    22,     0,    17,
       0,    46,     0,    50,    73,    19,    57,    15,    32,     0,
      71,     0,     0,    68,    49,     0,    59,    70,     0,    45
};

/* YYDEFGOTO[NTERM-NUM].  */
static const yytype_int16 yydefgoto[] =
{
      -1,     7,     8,     9,    10,    11,    12,    13,   110,   369,
      15,   450,   470,   102,   482,   225,   100,   101,   370,   371,
     301,   456,   504,   453,   445,   497,   506,    96,   473,   215,
     447,   388,   376,   321,   379,   390,   382,   298,   200,   121,
     197,   141,   235,   334,   249,   332,   399,   464,    97,    58,
      59,   330,   285,    60,    61,    62,    63,    64,    65,   117,
      66,   145,   131,    67,   397,   203,   302,   383,   309,   310,
      68,    69,    70,   148,    71,    72,    73,    74,    75,    76,
     112
};

/* YYPACT[STATE-NUM] -- Index in YYTABLE of the portion describing
   STATE-NUM.  */
#define YYPACT_NINF -409
static const yytype_int16 yypact[] =
{
     506,  -409,  -409,  -409,  -409,  -409,  -409,    40,  -409,  2752,
      42,  1526,  1428,  -409,  -409,  -409,  2000,  2752,  2752,    45,
      45,    45,  -409,    45,    45,  -409,  -409,    93,   -22,  -409,
    2752,  -409,  -409,  -409,  2752,  -409,     8,    11,    33,  1906,
    1810,    45,  1906,  2094,    61,  2752,   100,  2752,  2752,  2752,
    2752,  2752,  2752,  2752,  2188,    45,    45,   188,    72,  -409,
      25,  -409,  -409,  -409,  -409,  2850,  -409,  -409,    49,    60,
      76,    90,  -409,   157,   110,   148,   162,  -409,  -409,  -409,
    -409,  -409,    61,   154,  -409,    31,    31,    31,    31,    57,
      31,    31,    42,  -409,   165,  -409,   109,   675,  1428,  -409,
    -409,  -409,   643,   742,  -409,    68,   818,   818,  -409,  -409,
    -409,  -409,  -409,  -409,  -409,  2752,   116,   117,  2752,   125,
     345,    42,    12,  2850,   127,  2282,  1810,  -409,   345,   546,
      72,  -409,   457,  2752,  -409,  -409,   345,   219,   183,  -409,
    -409,  2752,   345,    52,  2376,   164,  -409,  -409,  -409,  -409,
     345,    72,   818,   818,   818,   243,   243,   220,    22,  -409,
    -409,  2752,  2752,  2752,  2752,  2752,  2752,  2470,  2752,  2752,
    2752,  2752,  2752,  2752,  2752,  2752,  2752,  2752,  2752,  2752,
    2752,  2752,  -409,  2752,  -409,  -409,  -409,   191,  2564,  2752,
    2752,  2752,  2752,  2752,  2752,  2752,  -409,   214,  -409,   216,
    -409,  -409,  -409,  -409,  -409,  -409,  -409,  -409,    51,  -409,
      31,  -409,  -409,  -409,    42,  -409,  -409,  2752,  2752,  2752,
    2752,  2752,  2752,  -409,  -409,  -409,  -409,  -409,  2752,  2752,
      78,  -409,  -409,  -409,   138,   175,  -409,  -409,    56,   146,
    2752,    72,  -409,   245,  -409,   253,  -409,    62,   236,  -409,
    2752,   276,   190,   190,  -409,  2850,   208,   197,  -409,   114,
    1608,   322,  1795,   727,   473,  2850,  2801,   516,   516,  1699,
     388,  1891,  1945,   818,   818,  2752,  2752,   189,   192,   193,
    -409,   194,  2658,    35,   196,   210,  -409,  -409,   379,   239,
     201,   290,   229,   327,   248,   349,   840,  -409,   297,   215,
      -2,   313,   247,  2752,  2752,  2752,  2752,   251,  -409,  -409,
     255,  -409,  -409,  -409,  -409,  1620,  -409,  2752,  2752,  -409,
     188,  -409,   188,   188,   188,   188,   188,   246,   -27,  -409,
    2752,  -409,   175,   332,    42,  -409,  -409,   390,  -409,   338,
    -409,  -409,   254,  2752,   377,  -409,  -409,  2752,   387,   257,
    -409,  -409,  -409,  -409,  -409,   447,  -409,  -409,  2752,  -409,
     378,  -409,   381,  -409,   383,  -409,   385,  -409,  -409,  -409,
     366,  -409,  -409,  -409,   376,  -409,   299,   188,   304,   307,
     188,  -409,   310,    31,  -409,    37,  -409,  -409,  -409,   312,
     295,   311,  2752,   319,   320,  -409,  2752,   325,  -409,   335,
     404,  -409,  -409,  -409,   415,  -409,   261,  -409,  2896,   426,
    -409,  -409,   342,  -409,  -409,  -409,  -409,   341,   175,   138,
    -409,  2752,  -409,  -409,   436,   436,  2752,  -409,  2752,   436,
    -409,   355,   436,   436,   188,  -409,  -409,  -409,  -409,  -409,
    -409,  -409,   396,     4,   175,  -409,   368,   436,   436,  -409,
      32,    32,   371,   375,   386,   165,  2752,   436,  -409,  -409,
     938,  -409,  -409,  -409,  -409,   476,  1036,  -409,   165,   165,
    -409,   436,   391,  -409,  -409,   436,  2752,   436,  -409,   393,
     165,  -409,    -4,  -409,  -409,  -409,  -409,  1134,  -409,  2752,
     165,   400,   165,  -409,  -409,   423,   482,  -409,  1232,  -409,
     406,  -409,   436,  -409,  -409,  -409,  -409,  -409,  -409,   436,
     165,  1714,  1330,    32,  -409,   407,  -409,  -409,   436,  -409
};

/* YYPGOTO[NTERM-NUM].  */
static const yytype_int16 yypgoto[] =
{
    -409,  -409,  -409,  -409,  -409,  -409,  -409,  -409,   -10,  -409,
     -28,  2397,  -409,   -11,  -409,   492,   421,     5,  -409,  -409,
    -409,  -409,  -409,  -409,  -409,  -409,  -409,  -312,  -408,  -201,
    -390,  -409,    67,  -124,  -303,    13,  -409,  -409,   328,   494,
    -409,   443,   158,  -327,  -409,   129,  -409,  -409,     2,   -31,
    -409,  -409,  -409,  -409,  -409,  -409,  -409,  -409,   198,  -409,
    -409,  -409,   -95,  -120,  -409,   -65,  -409,  -409,   144,  -409,
     346,    18,   -38,  -409,   -36,  -409,  -409,  -409,  -409,  -409,
       7
};

/* YYTABLE[YYPACT[STATE-NUM]].  What to do in state STATE-NUM.  If
   positive, shift that token.  If negative, reduce the rule which
   number is the opposite.  If YYTABLE_NINF, syntax error.  */
#define YYTABLE_NINF -255
static const yytype_int16 yytable[] =
{
      78,    94,    94,   387,   103,   400,   239,   372,   147,   130,
     149,    57,   389,    77,   393,   394,    95,   151,   105,   495,
     227,   204,   205,   206,   209,   211,   212,   113,   114,   127,
     115,   116,   135,   448,   165,   233,   166,   111,   111,   111,
      14,   111,   111,   474,    77,   138,   244,   133,   134,   196,
     164,    77,    19,    20,    77,   108,   158,   201,   132,   111,
     109,    77,   159,   160,   146,   108,    19,    20,    21,   189,
     109,   190,   108,   111,   111,   471,   472,   245,   396,   119,
     226,   139,   213,   201,   130,  -250,   140,  -250,    94,   431,
     329,   443,    94,    94,   234,   161,   162,   163,   496,  -252,
     373,  -252,   241,   224,   118,   517,   462,   210,   327,   124,
     130,   232,   125,   -16,   511,   143,    20,   465,   308,   191,
     230,   192,   251,   452,   207,   454,   167,   238,    57,   161,
     162,   163,   202,   240,   126,   161,   162,   163,    55,   356,
      55,   161,   162,   163,   132,   316,   247,   208,    55,   164,
     188,   161,   162,   163,    55,    55,   335,   193,   202,   194,
      55,   111,   340,   252,   253,   254,  -254,   256,   257,   259,
     313,   195,   314,   491,   199,   303,   304,   305,   306,   307,
     378,   315,   381,   317,   318,   296,   500,   161,   162,   163,
     288,   289,   290,   291,   292,   293,   294,   295,   328,   387,
     275,   144,   276,    55,   319,   286,   277,   278,   279,   345,
     214,   216,   280,   361,   346,   106,   107,   228,   229,   320,
     322,   323,   324,   325,   326,   231,   312,   236,   120,   242,
      57,   250,   123,   248,   297,   398,   300,   128,   412,   331,
     136,   363,   337,   142,   333,   150,   336,   152,   153,   154,
     155,   156,   342,   281,   478,   338,   161,   162,   163,   341,
     365,   161,   162,   163,   339,   163,   405,   485,   486,   410,
     161,   162,   163,   439,   161,   162,   163,   348,   349,   494,
     385,   161,   162,   163,   355,   243,    94,   343,   392,   501,
     159,   503,   282,   350,   283,   284,   351,   352,   353,   130,
     357,   111,   161,   162,   163,   377,   322,   380,   322,   514,
     344,   358,   161,   162,   163,   368,   -31,   391,   426,   380,
     380,   161,   162,   163,   402,   384,   446,   161,   162,   163,
     161,   162,   163,   374,   161,   162,   163,  -255,  -255,  -255,
     417,   360,   187,   419,   420,   406,   395,   313,   375,   314,
     217,   218,   219,   220,    55,   401,   386,   221,   428,   222,
      57,   404,   255,   161,   162,   163,   260,   261,   262,   263,
     264,   265,   266,   267,   268,   269,   270,   271,   272,   273,
    -255,   274,   171,   172,   161,   162,   163,   407,   413,   233,
     130,   414,   362,   415,   380,   416,   421,   430,   434,   422,
     161,   162,   163,   312,   423,   171,   172,   424,   180,   181,
     425,   -79,   429,   437,   182,   183,   184,   185,   186,   432,
     433,   187,   161,   162,   163,   435,   460,   438,   380,   364,
     380,   180,   181,   463,   466,   436,   440,   182,   183,   184,
     185,   186,   441,   442,   187,   449,   169,   170,   171,   172,
      94,   366,   161,   162,   163,   457,    94,  -176,   377,   487,
     161,   162,   163,   161,   162,   163,   189,   461,   190,  -176,
     467,   475,   498,   179,   180,   181,   476,    94,   380,   359,
     182,   183,   184,   185,   186,   483,   477,   187,    94,   409,
     403,   380,   489,   505,   512,   493,  -176,  -176,  -176,  -176,
     502,   507,    94,  -176,    99,  -176,   509,   518,  -176,     1,
       2,     3,     4,     5,     6,  -176,  -176,  -176,  -176,   223,
     161,   162,   163,   479,   515,   198,   299,   122,   418,   427,
    -176,  -176,  -176,   171,  -176,  -176,  -176,  -176,  -176,  -176,
    -176,  -176,  -176,  -176,  -176,   408,  -215,   411,   444,  -176,
    -176,  -176,  -176,  -176,   311,     0,  -176,  -176,  -215,  -176,
     181,     0,  -176,     0,     0,   182,   183,   184,   185,   186,
       0,     0,   187,     0,   169,   170,   171,   172,     0,     0,
       0,     0,     0,     0,     0,  -215,  -215,  -215,  -215,     0,
       0,     0,  -215,     0,  -215,     0,     0,  -215,     0,   177,
     178,   179,   180,   181,  -215,  -215,  -215,  -215,   182,   183,
     184,   185,   186,     0,     0,   187,     0,     0,     0,  -215,
    -215,  -215,     0,  -215,  -215,  -215,  -215,  -215,  -215,  -215,
    -215,  -215,  -215,  -215,     0,     0,     0,     0,  -215,  -215,
    -215,  -215,  -215,   -13,    79,  -215,  -215,     0,  -215,     0,
       0,  -215,    77,     0,    16,     0,    17,    18,    19,    20,
      21,     0,     0,    22,    23,    24,    25,    26,     0,    27,
      28,    29,    30,    31,    32,    80,    98,    81,    82,    33,
      83,    84,    85,    86,    87,    88,     0,     0,     0,    89,
      90,    91,    92,    34,     0,    35,    36,    37,    38,    39,
      40,     0,     0,     0,     0,    41,    42,    43,    44,    45,
      46,    47,     0,     0,   217,   218,   219,   220,     0,    48,
       0,   221,     0,   222,     0,     0,     0,     0,     0,     0,
       0,    49,    50,    51,     0,     0,     0,     0,     0,     0,
      52,    53,    -3,    79,    54,    93,    55,    56,   161,   162,
     163,    77,     0,    16,     0,    17,    18,    19,    20,    21,
       0,     0,    22,    23,    24,    25,    26,     0,    27,    28,
      29,    30,    31,    32,    80,    98,    81,    82,    33,    83,
      84,    85,    86,    87,    88,     0,     0,     0,    89,    90,
      91,    92,    34,     0,    35,    36,    37,    38,    39,    40,
       0,     0,     0,     0,    41,    42,    43,    44,    45,    46,
      47,     0,     0,     0,   181,     0,     0,     0,    48,   182,
     183,   184,   185,   186,     0,     0,   187,     0,     0,     0,
      49,    50,    51,     0,     0,     0,     0,     0,     0,    52,
      53,    79,     0,    54,    93,    55,    56,     0,     0,    77,
     367,    16,     0,    17,    18,    19,    20,    21,     0,     0,
      22,    23,    24,    25,    26,     0,    27,    28,    29,    30,
      31,    32,    80,    98,    81,    82,    33,    83,    84,    85,
      86,    87,    88,     0,     0,     0,    89,    90,    91,    92,
      34,     0,    35,    36,    37,    38,    39,    40,     0,     0,
       0,     0,    41,    42,    43,    44,    45,    46,    47,     0,
     182,   183,   184,   185,   186,     0,    48,   187,     0,     0,
       0,     0,     0,     0,     0,     0,     0,     0,    49,    50,
      51,     0,     0,     0,     0,     0,     0,    52,    53,    79,
       0,    54,    93,    55,    56,     0,     0,    77,   481,    16,
       0,    17,    18,    19,    20,    21,     0,     0,    22,    23,
      24,    25,    26,     0,    27,    28,    29,    30,    31,    32,
      80,    98,    81,    82,    33,    83,    84,    85,    86,    87,
      88,     0,     0,     0,    89,    90,    91,    92,    34,     0,
      35,    36,    37,    38,    39,    40,     0,     0,     0,     0,
      41,    42,    43,    44,    45,    46,    47,     0,     0,     0,
       0,     0,     0,     0,    48,     0,     0,     0,     0,     0,
       0,     0,     0,     0,     0,     0,    49,    50,    51,     0,
       0,     0,     0,     0,     0,    52,    53,    79,     0,    54,
      93,    55,    56,     0,     0,    77,   484,    16,     0,    17,
      18,    19,    20,    21,     0,     0,    22,    23,    24,    25,
      26,     0,    27,    28,    29,    30,    31,    32,    80,    98,
      81,    82,    33,    83,    84,    85,    86,    87,    88,     0,
       0,     0,    89,    90,    91,    92,    34,     0,    35,    36,
      37,    38,    39,    40,     0,     0,     0,     0,    41,    42,
      43,    44,    45,    46,    47,     0,     0,     0,     0,     0,
       0,     0,    48,     0,     0,     0,     0,     0,     0,     0,
       0,     0,     0,     0,    49,    50,    51,     0,     0,     0,
       0,     0,     0,    52,    53,    79,     0,    54,    93,    55,
      56,     0,     0,    77,   499,    16,     0,    17,    18,    19,
      20,    21,     0,     0,    22,    23,    24,    25,    26,     0,
      27,    28,    29,    30,    31,    32,    80,    98,    81,    82,
      33,    83,    84,    85,    86,    87,    88,     0,     0,     0,
      89,    90,    91,    92,    34,     0,    35,    36,    37,    38,
      39,    40,     0,     0,     0,     0,    41,    42,    43,    44,
      45,    46,    47,     0,     0,     0,     0,     0,     0,     0,
      48,     0,     0,     0,     0,     0,     0,     0,     0,     0,
       0,     0,    49,    50,    51,     0,     0,     0,     0,     0,
       0,    52,    53,    79,     0,    54,    93,    55,    56,     0,
       0,    77,   508,    16,     0,    17,    18,    19,    20,    21,
       0,     0,    22,    23,    24,    25,    26,     0,    27,    28,
      29,    30,    31,    32,    80,    98,    81,    82,    33,    83,
      84,    85,    86,    87,    88,     0,     0,     0,    89,    90,
      91,    92,    34,     0,    35,    36,    37,    38,    39,    40,
       0,     0,     0,     0,    41,    42,    43,    44,    45,    46,
      47,     0,     0,     0,     0,     0,     0,     0,    48,     0,
       0,     0,     0,     0,     0,     0,     0,     0,     0,     0,
      49,    50,    51,     0,     0,     0,     0,     0,     0,    52,
      53,    79,     0,    54,    93,    55,    56,     0,     0,    77,
       0,    16,     0,    17,    18,    19,    20,    21,     0,     0,
      22,    23,    24,    25,    26,     0,    27,    28,    29,    30,
      31,    32,    80,    98,    81,    82,    33,    83,    84,    85,
      86,    87,    88,     0,     0,     0,    89,    90,    91,    92,
      34,     0,    35,    36,    37,    38,    39,    40,     0,     0,
       0,     0,    41,    42,    43,    44,    45,    46,    47,     0,
       0,   516,     0,     0,     0,     0,    48,     0,     0,     0,
       0,     0,     0,     0,     0,     0,     0,     0,    49,    50,
      51,     0,     0,     0,     0,     0,     0,    52,    53,    79,
       0,    54,    93,    55,    56,     0,     0,    77,     0,    16,
       0,    17,    18,    19,    20,    21,     0,     0,    22,    23,
      24,    25,    26,     0,    27,    28,    29,    30,    31,    32,
      80,    98,    81,    82,    33,    83,    84,    85,    86,    87,
      88,     0,     0,     0,    89,    90,    91,    92,    34,     0,
      35,    36,    37,    38,    39,    40,     0,     0,     0,     0,
      41,    42,    43,    44,    45,    46,    47,     0,     0,     0,
       0,     0,     0,     0,    48,     0,     0,     0,     0,     0,
       0,     0,     0,     0,     0,     0,    49,    50,    51,     0,
       0,     0,     0,     0,     0,    52,    53,    79,     0,    54,
      93,    55,    56,     0,     0,    77,     0,    16,     0,    17,
      18,    19,    20,    21,     0,     0,    22,    23,    24,    25,
      26,     0,    27,    28,    29,    30,    31,    32,    80,     0,
      81,    82,    33,    83,    84,    85,    86,    87,    88,     0,
       0,     0,    89,    90,    91,    92,    34,     0,    35,    36,
      37,    38,    39,    40,     0,     0,     0,     0,    41,    42,
      43,    44,    45,    46,    47,     0,     0,     0,     0,     0,
       0,     0,    48,     0,     0,     0,     0,     0,     0,     0,
       0,     0,     0,     0,    49,    50,    51,     0,     0,     0,
       0,    79,     0,    52,    53,     0,     0,    54,    93,    55,
      56,    16,     0,    17,    18,    19,    20,    21,     0,     0,
      22,    23,    24,    25,    26,     0,    27,    28,    29,    30,
      31,    32,     0,     0,     0,     0,    33,     0,     0,  -255,
       0,     0,     0,     0,     0,     0,   169,   170,   171,   172,
      34,     0,    35,    36,    37,    38,    39,    40,     0,     0,
       0,     0,    41,    42,    43,    44,    45,    46,    47,   175,
     176,   177,   178,   179,   180,   181,    48,     0,     0,     0,
     182,   183,   184,   185,   186,     0,     0,   187,    49,    50,
      51,     0,     0,     0,     0,    79,     0,    52,    53,     0,
       0,    54,   -74,    55,    56,    16,     0,    17,    18,    19,
      20,    21,     0,     0,    22,    23,    24,    25,    26,     0,
      27,    28,    29,    30,    31,    32,     0,     0,     0,     0,
      33,     0,     0,     0,     0,     0,     0,   169,   170,   171,
     172,     0,     0,     0,    34,     0,    35,    36,    37,    38,
      39,    40,     0,     0,     0,     0,    41,    42,    43,    44,
      45,    46,    47,   178,   179,   180,   181,     0,     0,     0,
      48,   182,   183,   184,   185,   186,     0,     0,   187,     0,
       0,     0,    49,    50,    51,     0,     0,     0,     0,     0,
       0,    52,    53,     0,   -74,    54,     0,    55,    56,    77,
       0,    16,     0,    17,    18,    19,    20,    21,     0,     0,
     129,    23,    24,    25,    26,   109,    27,    28,    29,    30,
      31,    32,     0,     0,     0,     0,    33,     0,     0,     0,
       0,     0,     0,   169,  -255,   171,   172,     0,     0,     0,
      34,     0,    35,    36,    37,    38,    39,    40,     0,     0,
       0,     0,    41,    42,    43,    44,    45,    46,    47,     0,
       0,   180,   181,     0,     0,     0,    48,   182,   183,   184,
     185,   186,     0,     0,   187,     0,     0,     0,    49,    50,
      51,     0,     0,     0,     0,     0,     0,    52,    53,     0,
       0,    54,     0,    55,    56,    77,     0,    16,     0,    17,
      18,    19,    20,    21,     0,     0,    22,    23,    24,    25,
      26,     0,    27,    28,    29,    30,    31,    32,     0,     0,
       0,     0,    33,     0,     0,     0,     0,     0,     0,   169,
     170,   171,   172,     0,     0,     0,    34,     0,    35,    36,
      37,    38,    39,    40,     0,     0,     0,     0,    41,    42,
      43,    44,    45,    46,    47,     0,     0,   180,   181,     0,
       0,     0,    48,   182,   183,   184,   185,   186,     0,     0,
     187,     0,     0,     0,    49,    50,    51,     0,     0,     0,
       0,     0,     0,    52,    53,   171,   172,    54,     0,    55,
      56,    16,   104,    17,    18,    19,    20,    21,     0,     0,
      22,    23,    24,    25,    26,     0,    27,    28,    29,    30,
      31,    32,   181,     0,     0,     0,    33,   182,   183,   184,
     185,   186,     0,     0,   187,     0,     0,     0,     0,     0,
      34,     0,    35,    36,    37,    38,    39,    40,     0,     0,
       0,     0,    41,    42,    43,    44,    45,    46,    47,     0,
       0,     0,     0,     0,     0,     0,    48,     0,     0,     0,
       0,     0,     0,     0,     0,     0,     0,     0,    49,    50,
      51,     0,     0,     0,     0,     0,     0,    52,    53,     0,
       0,    54,     0,    55,    56,    16,     0,    17,    18,    19,
      20,    21,     0,     0,    22,    23,    24,    25,    26,     0,
      27,    28,    29,    30,    31,    32,     0,     0,     0,     0,
      33,     0,     0,     0,     0,     0,     0,     0,     0,     0,
       0,     0,     0,     0,    34,     0,    35,    36,    37,    38,
      39,    40,     0,     0,     0,     0,    41,    42,    43,    44,
      45,    46,    47,     0,     0,     0,     0,     0,     0,     0,
      48,     0,     0,     0,     0,     0,     0,     0,     0,     0,
       0,     0,    49,    50,    51,     0,     0,     0,     0,     0,
       0,    52,    53,     0,     0,    54,   137,    55,    56,    16,
       0,    17,    18,    19,    20,    21,     0,     0,    22,    23,
      24,    25,    26,     0,    27,    28,    29,    30,    31,    32,
       0,     0,     0,     0,    33,     0,     0,     0,     0,     0,
       0,     0,     0,     0,     0,     0,     0,     0,    34,     0,
      35,    36,    37,    38,    39,    40,     0,     0,     0,     0,
      41,    42,    43,    44,    45,    46,    47,     0,     0,     0,
       0,     0,     0,     0,    48,     0,     0,     0,     0,     0,
       0,     0,     0,     0,     0,     0,    49,    50,    51,     0,
       0,     0,     0,     0,     0,    52,    53,     0,   157,    54,
       0,    55,    56,    16,     0,    17,    18,    19,    20,    21,
       0,     0,    22,    23,    24,    25,    26,     0,    27,    28,
      29,    30,    31,    32,     0,     0,     0,     0,    33,     0,
       0,     0,     0,     0,     0,     0,     0,     0,     0,     0,
       0,     0,    34,     0,    35,    36,    37,    38,    39,    40,
       0,     0,     0,     0,    41,    42,    43,    44,    45,    46,
      47,     0,     0,     0,     0,     0,     0,     0,    48,     0,
       0,     0,     0,     0,     0,     0,     0,     0,     0,     0,
      49,    50,    51,     0,     0,     0,     0,     0,     0,    52,
      53,     0,   237,    54,     0,    55,    56,    16,     0,    17,
      18,    19,    20,    21,     0,     0,    22,    23,    24,    25,
      26,     0,    27,    28,    29,    30,    31,    32,     0,     0,
       0,     0,    33,     0,     0,     0,     0,     0,     0,     0,
       0,     0,     0,     0,     0,     0,    34,     0,    35,    36,
      37,    38,    39,    40,     0,     0,     0,     0,    41,    42,
      43,    44,    45,    46,    47,     0,     0,     0,     0,     0,
       0,     0,    48,     0,     0,     0,     0,     0,     0,     0,
       0,     0,     0,     0,    49,    50,    51,     0,     0,     0,
       0,     0,     0,    52,    53,     0,   246,    54,     0,    55,
      56,    16,     0,    17,    18,    19,    20,    21,     0,     0,
      22,    23,    24,    25,    26,     0,    27,    28,    29,    30,
      31,    32,     0,     0,     0,     0,    33,     0,     0,     0,
       0,     0,     0,     0,     0,     0,     0,     0,     0,     0,
      34,     0,    35,    36,    37,    38,    39,    40,     0,     0,
       0,     0,    41,    42,    43,    44,    45,    46,    47,     0,
       0,     0,     0,     0,     0,     0,    48,     0,     0,     0,
       0,     0,     0,     0,     0,     0,     0,     0,    49,    50,
      51,     0,     0,     0,     0,     0,     0,    52,    53,     0,
     258,    54,     0,    55,    56,    16,     0,    17,    18,    19,
      20,    21,     0,     0,    22,    23,    24,    25,    26,     0,
      27,    28,    29,    30,    31,    32,     0,     0,     0,     0,
      33,     0,     0,     0,     0,     0,     0,     0,     0,     0,
       0,     0,     0,     0,    34,     0,    35,    36,    37,    38,
      39,    40,     0,     0,     0,     0,    41,    42,    43,    44,
      45,    46,    47,     0,     0,     0,     0,     0,     0,     0,
      48,     0,     0,     0,     0,     0,     0,     0,     0,     0,
       0,     0,    49,    50,    51,     0,     0,     0,     0,     0,
       0,    52,    53,     0,   287,    54,     0,    55,    56,    16,
       0,    17,    18,    19,    20,    21,     0,     0,    22,    23,
      24,    25,    26,     0,    27,    28,    29,    30,    31,    32,
       0,     0,     0,     0,    33,     0,     0,     0,     0,     0,
       0,     0,     0,     0,     0,     0,     0,     0,    34,     0,
      35,    36,    37,    38,    39,    40,     0,     0,     0,     0,
      41,    42,    43,    44,    45,    46,    47,     0,     0,     0,
       0,     0,     0,     0,    48,     0,     0,     0,     0,     0,
       0,     0,     0,     0,     0,     0,    49,    50,    51,     0,
       0,     0,     0,     0,     0,    52,    53,     0,   354,    54,
       0,    55,    56,    16,     0,    17,    18,    19,    20,    21,
       0,     0,    22,    23,    24,    25,    26,     0,    27,    28,
      29,    30,    31,    32,     0,     0,     0,     0,    33,     0,
       0,     0,     0,     0,     0,     0,     0,     0,     0,     0,
       0,     0,    34,     0,    35,    36,    37,    38,    39,    40,
       0,     0,     0,     0,    41,    42,    43,    44,    45,    46,
      47,     0,   451,     0,     0,     0,   455,     0,    48,   458,
     459,     0,     0,     0,     0,     0,     0,     0,     0,     0,
      49,    50,    51,     0,   468,   469,     0,     0,     0,    52,
      53,     0,   168,    54,   480,    55,    56,     0,     0,   169,
     170,   171,   172,     0,     0,     0,     0,     0,   488,     0,
       0,     0,   490,     0,   492,     0,     0,     0,     0,   173,
     174,   347,   175,   176,   177,   178,   179,   180,   181,     0,
       0,     0,     0,   182,   183,   184,   185,   186,     0,   510,
     187,   168,     0,     0,     0,     0,   513,     0,   169,   170,
     171,   172,     0,     0,     0,   519,     0,     0,     0,     0,
       0,     0,     0,     0,     0,     0,     0,     0,   173,   174,
       0,   175,   176,   177,   178,   179,   180,   181,     0,     0,
       0,     0,   182,   183,   184,   185,   186,   168,     0,   187,
       0,     0,     0,     0,   169,   170,   171,   172,     0,     0,
       0,     0,     0,     0,     0,     0,     0,     0,     0,     0,
       0,     0,     0,     0,     0,   174,     0,   175,   176,   177,
     178,   179,   180,   181,     0,     0,     0,     0,   182,   183,
     184,   185,   186,     0,     0,   187
};

#define yypact_value_is_default(yystate) \
  ((yystate) == (-409))

#define yytable_value_is_error(yytable_value) \
  ((yytable_value) == (-255))

static const yytype_int16 yycheck[] =
{
      10,    11,    12,   315,    15,   332,   126,     9,    46,    40,
      46,     9,   315,     9,   317,   318,    11,    48,    16,    23,
     115,    86,    87,    88,    89,    90,    91,    20,    21,    39,
      23,    24,    42,   423,     9,    23,    11,    19,    20,    21,
       0,    23,    24,   451,     9,    43,   141,    40,    41,    77,
      77,     9,    15,    16,     9,    20,    54,    26,    40,    41,
      25,     9,    55,    56,    46,    20,    15,    16,    17,     9,
      25,    11,    20,    55,    56,    43,    44,    25,   105,   101,
      12,    20,    92,    26,   115,     9,    25,    11,    98,   392,
      12,   418,   102,   103,   122,    73,    74,    75,   102,     9,
     102,    11,   133,    98,    11,   513,   102,    89,   228,   101,
     141,   121,   101,   101,   504,    15,    16,   444,    67,     9,
     118,    11,   100,   426,    67,   428,   101,   125,   126,    73,
      74,    75,   101,   126,   101,    73,    74,    75,   103,   104,
     103,    73,    74,    75,   126,   210,   144,    90,   103,    77,
     101,    73,    74,    75,   103,   103,   100,     9,   101,    11,
     103,   143,   100,   161,   162,   163,     9,   165,   166,   167,
     208,     9,   208,   476,    20,   203,   204,   205,   206,   207,
     304,   209,   306,   211,   212,   196,   489,    73,    74,    75,
     188,   189,   190,   191,   192,   193,   194,   195,   229,   511,
       9,   101,    11,   103,   214,   187,    15,    16,    17,    12,
      45,   102,    21,    12,   100,    17,    18,   101,   101,   217,
     218,   219,   220,   221,   222,   100,   208,   100,    30,    10,
     228,    11,    34,    69,    20,   330,    20,    39,   358,   101,
      42,    12,   240,    45,    69,    47,   100,    49,    50,    51,
      52,    53,   250,    62,   455,    10,    73,    74,    75,    23,
      12,    73,    74,    75,    11,    75,    12,   468,   469,    12,
      73,    74,    75,    12,    73,    74,    75,   275,   276,   480,
     308,    73,    74,    75,   282,   102,   296,    11,   316,   490,
     283,   492,   101,   104,   103,   104,   104,   104,   104,   330,
     104,   283,    73,    74,    75,   303,   304,   305,   306,   510,
     102,   101,    73,    74,    75,    18,   101,   315,   383,   317,
     318,    73,    74,    75,   334,   307,   421,    73,    74,    75,
      73,    74,    75,    20,    73,    74,    75,    94,    95,    96,
     368,   102,    99,   371,   372,   343,   100,   385,   101,   385,
      39,    40,    41,    42,   103,    23,   101,    46,   386,    48,
     358,    23,   164,    73,    74,    75,   168,   169,   170,   171,
     172,   173,   174,   175,   176,   177,   178,   179,   180,   181,
      58,   183,    60,    61,    73,    74,    75,    10,    10,    23,
     421,    10,   102,    10,   392,    10,    20,   102,   396,   100,
      73,    74,    75,   385,   100,    60,    61,   100,    86,    87,
     100,   100,   100,     9,    92,    93,    94,    95,    96,   100,
     100,    99,    73,    74,    75,   100,   437,    12,   426,   102,
     428,    86,    87,   443,   445,   100,    10,    92,    93,    94,
      95,    96,   100,   102,    99,     9,    58,    59,    60,    61,
     460,   102,    73,    74,    75,   100,   466,     0,   456,   470,
      73,    74,    75,    73,    74,    75,     9,    71,    11,    12,
     102,   100,   483,    85,    86,    87,   101,   487,   476,   100,
      92,    93,    94,    95,    96,     9,   100,    99,   498,   102,
     100,   489,   101,    70,   505,   102,    39,    40,    41,    42,
     100,    19,   512,    46,    12,    48,   100,   100,    51,     3,
       4,     5,     6,     7,     8,    58,    59,    60,    61,    98,
      73,    74,    75,   456,   511,    82,   198,    33,   370,   385,
      73,    74,    75,    60,    77,    78,    79,    80,    81,    82,
      83,    84,    85,    86,    87,   347,     0,   100,   419,    92,
      93,    94,    95,    96,   208,    -1,    99,   100,    12,   102,
      87,    -1,   105,    -1,    -1,    92,    93,    94,    95,    96,
      -1,    -1,    99,    -1,    58,    59,    60,    61,    -1,    -1,
      -1,    -1,    -1,    -1,    -1,    39,    40,    41,    42,    -1,
      -1,    -1,    46,    -1,    48,    -1,    -1,    51,    -1,    83,
      84,    85,    86,    87,    58,    59,    60,    61,    92,    93,
      94,    95,    96,    -1,    -1,    99,    -1,    -1,    -1,    73,
      74,    75,    -1,    77,    78,    79,    80,    81,    82,    83,
      84,    85,    86,    87,    -1,    -1,    -1,    -1,    92,    93,
      94,    95,    96,     0,     1,    99,   100,    -1,   102,    -1,
      -1,   105,     9,    -1,    11,    -1,    13,    14,    15,    16,
      17,    -1,    -1,    20,    21,    22,    23,    24,    -1,    26,
      27,    28,    29,    30,    31,    32,    33,    34,    35,    36,
      37,    38,    39,    40,    41,    42,    -1,    -1,    -1,    46,
      47,    48,    49,    50,    -1,    52,    53,    54,    55,    56,
      57,    -1,    -1,    -1,    -1,    62,    63,    64,    65,    66,
      67,    68,    -1,    -1,    39,    40,    41,    42,    -1,    76,
      -1,    46,    -1,    48,    -1,    -1,    -1,    -1,    -1,    -1,
      -1,    88,    89,    90,    -1,    -1,    -1,    -1,    -1,    -1,
      97,    98,     0,     1,   101,   102,   103,   104,    73,    74,
      75,     9,    -1,    11,    -1,    13,    14,    15,    16,    17,
      -1,    -1,    20,    21,    22,    23,    24,    -1,    26,    27,
      28,    29,    30,    31,    32,    33,    34,    35,    36,    37,
      38,    39,    40,    41,    42,    -1,    -1,    -1,    46,    47,
      48,    49,    50,    -1,    52,    53,    54,    55,    56,    57,
      -1,    -1,    -1,    -1,    62,    63,    64,    65,    66,    67,
      68,    -1,    -1,    -1,    87,    -1,    -1,    -1,    76,    92,
      93,    94,    95,    96,    -1,    -1,    99,    -1,    -1,    -1,
      88,    89,    90,    -1,    -1,    -1,    -1,    -1,    -1,    97,
      98,     1,    -1,   101,   102,   103,   104,    -1,    -1,     9,
      10,    11,    -1,    13,    14,    15,    16,    17,    -1,    -1,
      20,    21,    22,    23,    24,    -1,    26,    27,    28,    29,
      30,    31,    32,    33,    34,    35,    36,    37,    38,    39,
      40,    41,    42,    -1,    -1,    -1,    46,    47,    48,    49,
      50,    -1,    52,    53,    54,    55,    56,    57,    -1,    -1,
      -1,    -1,    62,    63,    64,    65,    66,    67,    68,    -1,
      92,    93,    94,    95,    96,    -1,    76,    99,    -1,    -1,
      -1,    -1,    -1,    -1,    -1,    -1,    -1,    -1,    88,    89,
      90,    -1,    -1,    -1,    -1,    -1,    -1,    97,    98,     1,
      -1,   101,   102,   103,   104,    -1,    -1,     9,    10,    11,
      -1,    13,    14,    15,    16,    17,    -1,    -1,    20,    21,
      22,    23,    24,    -1,    26,    27,    28,    29,    30,    31,
      32,    33,    34,    35,    36,    37,    38,    39,    40,    41,
      42,    -1,    -1,    -1,    46,    47,    48,    49,    50,    -1,
      52,    53,    54,    55,    56,    57,    -1,    -1,    -1,    -1,
      62,    63,    64,    65,    66,    67,    68,    -1,    -1,    -1,
      -1,    -1,    -1,    -1,    76,    -1,    -1,    -1,    -1,    -1,
      -1,    -1,    -1,    -1,    -1,    -1,    88,    89,    90,    -1,
      -1,    -1,    -1,    -1,    -1,    97,    98,     1,    -1,   101,
     102,   103,   104,    -1,    -1,     9,    10,    11,    -1,    13,
      14,    15,    16,    17,    -1,    -1,    20,    21,    22,    23,
      24,    -1,    26,    27,    28,    29,    30,    31,    32,    33,
      34,    35,    36,    37,    38,    39,    40,    41,    42,    -1,
      -1,    -1,    46,    47,    48,    49,    50,    -1,    52,    53,
      54,    55,    56,    57,    -1,    -1,    -1,    -1,    62,    63,
      64,    65,    66,    67,    68,    -1,    -1,    -1,    -1,    -1,
      -1,    -1,    76,    -1,    -1,    -1,    -1,    -1,    -1,    -1,
      -1,    -1,    -1,    -1,    88,    89,    90,    -1,    -1,    -1,
      -1,    -1,    -1,    97,    98,     1,    -1,   101,   102,   103,
     104,    -1,    -1,     9,    10,    11,    -1,    13,    14,    15,
      16,    17,    -1,    -1,    20,    21,    22,    23,    24,    -1,
      26,    27,    28,    29,    30,    31,    32,    33,    34,    35,
      36,    37,    38,    39,    40,    41,    42,    -1,    -1,    -1,
      46,    47,    48,    49,    50,    -1,    52,    53,    54,    55,
      56,    57,    -1,    -1,    -1,    -1,    62,    63,    64,    65,
      66,    67,    68,    -1,    -1,    -1,    -1,    -1,    -1,    -1,
      76,    -1,    -1,    -1,    -1,    -1,    -1,    -1,    -1,    -1,
      -1,    -1,    88,    89,    90,    -1,    -1,    -1,    -1,    -1,
      -1,    97,    98,     1,    -1,   101,   102,   103,   104,    -1,
      -1,     9,    10,    11,    -1,    13,    14,    15,    16,    17,
      -1,    -1,    20,    21,    22,    23,    24,    -1,    26,    27,
      28,    29,    30,    31,    32,    33,    34,    35,    36,    37,
      38,    39,    40,    41,    42,    -1,    -1,    -1,    46,    47,
      48,    49,    50,    -1,    52,    53,    54,    55,    56,    57,
      -1,    -1,    -1,    -1,    62,    63,    64,    65,    66,    67,
      68,    -1,    -1,    -1,    -1,    -1,    -1,    -1,    76,    -1,
      -1,    -1,    -1,    -1,    -1,    -1,    -1,    -1,    -1,    -1,
      88,    89,    90,    -1,    -1,    -1,    -1,    -1,    -1,    97,
      98,     1,    -1,   101,   102,   103,   104,    -1,    -1,     9,
      -1,    11,    -1,    13,    14,    15,    16,    17,    -1,    -1,
      20,    21,    22,    23,    24,    -1,    26,    27,    28,    29,
      30,    31,    32,    33,    34,    35,    36,    37,    38,    39,
      40,    41,    42,    -1,    -1,    -1,    46,    47,    48,    49,
      50,    -1,    52,    53,    54,    55,    56,    57,    -1,    -1,
      -1,    -1,    62,    63,    64,    65,    66,    67,    68,    -1,
      -1,    71,    -1,    -1,    -1,    -1,    76,    -1,    -1,    -1,
      -1,    -1,    -1,    -1,    -1,    -1,    -1,    -1,    88,    89,
      90,    -1,    -1,    -1,    -1,    -1,    -1,    97,    98,     1,
      -1,   101,   102,   103,   104,    -1,    -1,     9,    -1,    11,
      -1,    13,    14,    15,    16,    17,    -1,    -1,    20,    21,
      22,    23,    24,    -1,    26,    27,    28,    29,    30,    31,
      32,    33,    34,    35,    36,    37,    38,    39,    40,    41,
      42,    -1,    -1,    -1,    46,    47,    48,    49,    50,    -1,
      52,    53,    54,    55,    56,    57,    -1,    -1,    -1,    -1,
      62,    63,    64,    65,    66,    67,    68,    -1,    -1,    -1,
      -1,    -1,    -1,    -1,    76,    -1,    -1,    -1,    -1,    -1,
      -1,    -1,    -1,    -1,    -1,    -1,    88,    89,    90,    -1,
      -1,    -1,    -1,    -1,    -1,    97,    98,     1,    -1,   101,
     102,   103,   104,    -1,    -1,     9,    -1,    11,    -1,    13,
      14,    15,    16,    17,    -1,    -1,    20,    21,    22,    23,
      24,    -1,    26,    27,    28,    29,    30,    31,    32,    -1,
      34,    35,    36,    37,    38,    39,    40,    41,    42,    -1,
      -1,    -1,    46,    47,    48,    49,    50,    -1,    52,    53,
      54,    55,    56,    57,    -1,    -1,    -1,    -1,    62,    63,
      64,    65,    66,    67,    68,    -1,    -1,    -1,    -1,    -1,
      -1,    -1,    76,    -1,    -1,    -1,    -1,    -1,    -1,    -1,
      -1,    -1,    -1,    -1,    88,    89,    90,    -1,    -1,    -1,
      -1,     1,    -1,    97,    98,    -1,    -1,   101,   102,   103,
     104,    11,    -1,    13,    14,    15,    16,    17,    -1,    -1,
      20,    21,    22,    23,    24,    -1,    26,    27,    28,    29,
      30,    31,    -1,    -1,    -1,    -1,    36,    -1,    -1,    51,
      -1,    -1,    -1,    -1,    -1,    -1,    58,    59,    60,    61,
      50,    -1,    52,    53,    54,    55,    56,    57,    -1,    -1,
      -1,    -1,    62,    63,    64,    65,    66,    67,    68,    81,
      82,    83,    84,    85,    86,    87,    76,    -1,    -1,    -1,
      92,    93,    94,    95,    96,    -1,    -1,    99,    88,    89,
      90,    -1,    -1,    -1,    -1,     1,    -1,    97,    98,    -1,
      -1,   101,   102,   103,   104,    11,    -1,    13,    14,    15,
      16,    17,    -1,    -1,    20,    21,    22,    23,    24,    -1,
      26,    27,    28,    29,    30,    31,    -1,    -1,    -1,    -1,
      36,    -1,    -1,    -1,    -1,    -1,    -1,    58,    59,    60,
      61,    -1,    -1,    -1,    50,    -1,    52,    53,    54,    55,
      56,    57,    -1,    -1,    -1,    -1,    62,    63,    64,    65,
      66,    67,    68,    84,    85,    86,    87,    -1,    -1,    -1,
      76,    92,    93,    94,    95,    96,    -1,    -1,    99,    -1,
      -1,    -1,    88,    89,    90,    -1,    -1,    -1,    -1,    -1,
      -1,    97,    98,    -1,   100,   101,    -1,   103,   104,     9,
      -1,    11,    -1,    13,    14,    15,    16,    17,    -1,    -1,
      20,    21,    22,    23,    24,    25,    26,    27,    28,    29,
      30,    31,    -1,    -1,    -1,    -1,    36,    -1,    -1,    -1,
      -1,    -1,    -1,    58,    59,    60,    61,    -1,    -1,    -1,
      50,    -1,    52,    53,    54,    55,    56,    57,    -1,    -1,
      -1,    -1,    62,    63,    64,    65,    66,    67,    68,    -1,
      -1,    86,    87,    -1,    -1,    -1,    76,    92,    93,    94,
      95,    96,    -1,    -1,    99,    -1,    -1,    -1,    88,    89,
      90,    -1,    -1,    -1,    -1,    -1,    -1,    97,    98,    -1,
      -1,   101,    -1,   103,   104,     9,    -1,    11,    -1,    13,
      14,    15,    16,    17,    -1,    -1,    20,    21,    22,    23,
      24,    -1,    26,    27,    28,    29,    30,    31,    -1,    -1,
      -1,    -1,    36,    -1,    -1,    -1,    -1,    -1,    -1,    58,
      59,    60,    61,    -1,    -1,    -1,    50,    -1,    52,    53,
      54,    55,    56,    57,    -1,    -1,    -1,    -1,    62,    63,
      64,    65,    66,    67,    68,    -1,    -1,    86,    87,    -1,
      -1,    -1,    76,    92,    93,    94,    95,    96,    -1,    -1,
      99,    -1,    -1,    -1,    88,    89,    90,    -1,    -1,    -1,
      -1,    -1,    -1,    97,    98,    60,    61,   101,    -1,   103,
     104,    11,    12,    13,    14,    15,    16,    17,    -1,    -1,
      20,    21,    22,    23,    24,    -1,    26,    27,    28,    29,
      30,    31,    87,    -1,    -1,    -1,    36,    92,    93,    94,
      95,    96,    -1,    -1,    99,    -1,    -1,    -1,    -1,    -1,
      50,    -1,    52,    53,    54,    55,    56,    57,    -1,    -1,
      -1,    -1,    62,    63,    64,    65,    66,    67,    68,    -1,
      -1,    -1,    -1,    -1,    -1,    -1,    76,    -1,    -1,    -1,
      -1,    -1,    -1,    -1,    -1,    -1,    -1,    -1,    88,    89,
      90,    -1,    -1,    -1,    -1,    -1,    -1,    97,    98,    -1,
      -1,   101,    -1,   103,   104,    11,    -1,    13,    14,    15,
      16,    17,    -1,    -1,    20,    21,    22,    23,    24,    -1,
      26,    27,    28,    29,    30,    31,    -1,    -1,    -1,    -1,
      36,    -1,    -1,    -1,    -1,    -1,    -1,    -1,    -1,    -1,
      -1,    -1,    -1,    -1,    50,    -1,    52,    53,    54,    55,
      56,    57,    -1,    -1,    -1,    -1,    62,    63,    64,    65,
      66,    67,    68,    -1,    -1,    -1,    -1,    -1,    -1,    -1,
      76,    -1,    -1,    -1,    -1,    -1,    -1,    -1,    -1,    -1,
      -1,    -1,    88,    89,    90,    -1,    -1,    -1,    -1,    -1,
      -1,    97,    98,    -1,    -1,   101,   102,   103,   104,    11,
      -1,    13,    14,    15,    16,    17,    -1,    -1,    20,    21,
      22,    23,    24,    -1,    26,    27,    28,    29,    30,    31,
      -1,    -1,    -1,    -1,    36,    -1,    -1,    -1,    -1,    -1,
      -1,    -1,    -1,    -1,    -1,    -1,    -1,    -1,    50,    -1,
      52,    53,    54,    55,    56,    57,    -1,    -1,    -1,    -1,
      62,    63,    64,    65,    66,    67,    68,    -1,    -1,    -1,
      -1,    -1,    -1,    -1,    76,    -1,    -1,    -1,    -1,    -1,
      -1,    -1,    -1,    -1,    -1,    -1,    88,    89,    90,    -1,
      -1,    -1,    -1,    -1,    -1,    97,    98,    -1,   100,   101,
      -1,   103,   104,    11,    -1,    13,    14,    15,    16,    17,
      -1,    -1,    20,    21,    22,    23,    24,    -1,    26,    27,
      28,    29,    30,    31,    -1,    -1,    -1,    -1,    36,    -1,
      -1,    -1,    -1,    -1,    -1,    -1,    -1,    -1,    -1,    -1,
      -1,    -1,    50,    -1,    52,    53,    54,    55,    56,    57,
      -1,    -1,    -1,    -1,    62,    63,    64,    65,    66,    67,
      68,    -1,    -1,    -1,    -1,    -1,    -1,    -1,    76,    -1,
      -1,    -1,    -1,    -1,    -1,    -1,    -1,    -1,    -1,    -1,
      88,    89,    90,    -1,    -1,    -1,    -1,    -1,    -1,    97,
      98,    -1,   100,   101,    -1,   103,   104,    11,    -1,    13,
      14,    15,    16,    17,    -1,    -1,    20,    21,    22,    23,
      24,    -1,    26,    27,    28,    29,    30,    31,    -1,    -1,
      -1,    -1,    36,    -1,    -1,    -1,    -1,    -1,    -1,    -1,
      -1,    -1,    -1,    -1,    -1,    -1,    50,    -1,    52,    53,
      54,    55,    56,    57,    -1,    -1,    -1,    -1,    62,    63,
      64,    65,    66,    67,    68,    -1,    -1,    -1,    -1,    -1,
      -1,    -1,    76,    -1,    -1,    -1,    -1,    -1,    -1,    -1,
      -1,    -1,    -1,    -1,    88,    89,    90,    -1,    -1,    -1,
      -1,    -1,    -1,    97,    98,    -1,   100,   101,    -1,   103,
     104,    11,    -1,    13,    14,    15,    16,    17,    -1,    -1,
      20,    21,    22,    23,    24,    -1,    26,    27,    28,    29,
      30,    31,    -1,    -1,    -1,    -1,    36,    -1,    -1,    -1,
      -1,    -1,    -1,    -1,    -1,    -1,    -1,    -1,    -1,    -1,
      50,    -1,    52,    53,    54,    55,    56,    57,    -1,    -1,
      -1,    -1,    62,    63,    64,    65,    66,    67,    68,    -1,
      -1,    -1,    -1,    -1,    -1,    -1,    76,    -1,    -1,    -1,
      -1,    -1,    -1,    -1,    -1,    -1,    -1,    -1,    88,    89,
      90,    -1,    -1,    -1,    -1,    -1,    -1,    97,    98,    -1,
     100,   101,    -1,   103,   104,    11,    -1,    13,    14,    15,
      16,    17,    -1,    -1,    20,    21,    22,    23,    24,    -1,
      26,    27,    28,    29,    30,    31,    -1,    -1,    -1,    -1,
      36,    -1,    -1,    -1,    -1,    -1,    -1,    -1,    -1,    -1,
      -1,    -1,    -1,    -1,    50,    -1,    52,    53,    54,    55,
      56,    57,    -1,    -1,    -1,    -1,    62,    63,    64,    65,
      66,    67,    68,    -1,    -1,    -1,    -1,    -1,    -1,    -1,
      76,    -1,    -1,    -1,    -1,    -1,    -1,    -1,    -1,    -1,
      -1,    -1,    88,    89,    90,    -1,    -1,    -1,    -1,    -1,
      -1,    97,    98,    -1,   100,   101,    -1,   103,   104,    11,
      -1,    13,    14,    15,    16,    17,    -1,    -1,    20,    21,
      22,    23,    24,    -1,    26,    27,    28,    29,    30,    31,
      -1,    -1,    -1,    -1,    36,    -1,    -1,    -1,    -1,    -1,
      -1,    -1,    -1,    -1,    -1,    -1,    -1,    -1,    50,    -1,
      52,    53,    54,    55,    56,    57,    -1,    -1,    -1,    -1,
      62,    63,    64,    65,    66,    67,    68,    -1,    -1,    -1,
      -1,    -1,    -1,    -1,    76,    -1,    -1,    -1,    -1,    -1,
      -1,    -1,    -1,    -1,    -1,    -1,    88,    89,    90,    -1,
      -1,    -1,    -1,    -1,    -1,    97,    98,    -1,   100,   101,
      -1,   103,   104,    11,    -1,    13,    14,    15,    16,    17,
      -1,    -1,    20,    21,    22,    23,    24,    -1,    26,    27,
      28,    29,    30,    31,    -1,    -1,    -1,    -1,    36,    -1,
      -1,    -1,    -1,    -1,    -1,    -1,    -1,    -1,    -1,    -1,
      -1,    -1,    50,    -1,    52,    53,    54,    55,    56,    57,
      -1,    -1,    -1,    -1,    62,    63,    64,    65,    66,    67,
      68,    -1,   425,    -1,    -1,    -1,   429,    -1,    76,   432,
     433,    -1,    -1,    -1,    -1,    -1,    -1,    -1,    -1,    -1,
      88,    89,    90,    -1,   447,   448,    -1,    -1,    -1,    97,
      98,    -1,    51,   101,   457,   103,   104,    -1,    -1,    58,
      59,    60,    61,    -1,    -1,    -1,    -1,    -1,   471,    -1,
      -1,    -1,   475,    -1,   477,    -1,    -1,    -1,    -1,    78,
      79,    80,    81,    82,    83,    84,    85,    86,    87,    -1,
      -1,    -1,    -1,    92,    93,    94,    95,    96,    -1,   502,
      99,    51,    -1,    -1,    -1,    -1,   509,    -1,    58,    59,
      60,    61,    -1,    -1,    -1,   518,    -1,    -1,    -1,    -1,
      -1,    -1,    -1,    -1,    -1,    -1,    -1,    -1,    78,    79,
      -1,    81,    82,    83,    84,    85,    86,    87,    -1,    -1,
      -1,    -1,    92,    93,    94,    95,    96,    51,    -1,    99,
      -1,    -1,    -1,    -1,    58,    59,    60,    61,    -1,    -1,
      -1,    -1,    -1,    -1,    -1,    -1,    -1,    -1,    -1,    -1,
      -1,    -1,    -1,    -1,    -1,    79,    -1,    81,    82,    83,
      84,    85,    86,    87,    -1,    -1,    -1,    -1,    92,    93,
      94,    95,    96,    -1,    -1,    99
};

/* YYSTOS[STATE-NUM] -- The (internal number of the) accessing
   symbol of state STATE-NUM.  */
static const yytype_uint8 yystos[] =
{
       0,     3,     4,     5,     6,     7,     8,   107,   108,   109,
     110,   111,   112,   113,     0,   116,    11,    13,    14,    15,
      16,    17,    20,    21,    22,    23,    24,    26,    27,    28,
      29,    30,    31,    36,    50,    52,    53,    54,    55,    56,
      57,    62,    63,    64,    65,    66,    67,    68,    76,    88,
      89,    90,    97,    98,   101,   103,   104,   154,   155,   156,
     159,   160,   161,   162,   163,   164,   166,   169,   176,   177,
     178,   180,   181,   182,   183,   184,   185,     9,   114,     1,
      32,    34,    35,    37,    38,    39,    40,    41,    42,    46,
      47,    48,    49,   102,   114,   123,   133,   154,    33,   121,
     122,   123,   119,   119,    12,   154,   164,   164,    20,    25,
     114,   177,   186,   186,   186,   186,   186,   165,    11,   101,
     164,   145,   145,   164,   101,   101,   101,   114,   164,    20,
     155,   168,   177,   186,   186,   114,   164,   102,   154,    20,
      25,   147,   164,    15,   101,   167,   177,   178,   179,   180,
     164,   155,   164,   164,   164,   164,   164,   100,   154,   186,
     186,    73,    74,    75,    77,     9,    11,   101,    51,    58,
      59,    60,    61,    78,    79,    81,    82,    83,    84,    85,
      86,    87,    92,    93,    94,    95,    96,    99,   101,     9,
      11,     9,    11,     9,    11,     9,   116,   146,   147,    20,
     144,    26,   101,   171,   171,   171,   171,    67,    90,   171,
     177,   171,   171,   114,    45,   135,   102,    39,    40,    41,
      42,    46,    48,   122,   123,   121,    12,   168,   101,   101,
     154,   100,   114,    23,   116,   148,   100,   100,   154,   169,
     186,   155,    10,   102,   168,    25,   100,   154,    69,   150,
      11,   100,   154,   154,   154,   164,   154,   154,   100,   154,
     164,   164,   164,   164,   164,   164,   164,   164,   164,   164,
     164,   164,   164,   164,   164,     9,    11,    15,    16,    17,
      21,    62,   101,   103,   104,   158,   177,   100,   154,   154,
     154,   154,   154,   154,   154,   154,   119,    20,   143,   144,
      20,   126,   172,   116,   116,   116,   116,   116,    67,   174,
     175,   176,   177,   178,   180,   116,   171,   116,   116,   114,
     154,   139,   154,   154,   154,   154,   154,   169,   155,    12,
     157,   101,   151,    69,   149,   100,   100,   154,    10,    11,
     100,    23,   154,    11,   102,    12,   100,    80,   154,   154,
     104,   104,   104,   104,   100,   154,   104,   104,   101,   100,
     102,    12,   102,    12,   102,    12,   102,    10,    18,   115,
     124,   125,     9,   102,    20,   101,   138,   154,   139,   140,
     154,   139,   142,   173,   177,   116,   101,   133,   137,   140,
     141,   154,   116,   140,   140,   100,   105,   170,   168,   152,
     149,    23,   114,   100,    23,    12,   154,    10,   164,   102,
      12,   100,   169,    10,    10,    10,    10,   116,   148,   116,
     116,    20,   100,   100,   100,   100,   171,   174,   116,   100,
     102,   140,   100,   100,   154,   100,   100,     9,    12,    12,
      10,   100,   102,   149,   151,   130,   168,   136,   136,     9,
     117,   117,   140,   129,   140,   117,   127,   100,   117,   117,
     119,    71,   102,   114,   153,   149,   119,   102,   117,   117,
     118,    43,    44,   134,   134,   100,   101,   100,   135,   138,
     117,    10,   120,     9,    10,   135,   135,   119,   117,   101,
     117,   140,   117,   102,   135,    23,   102,   131,   119,    10,
     140,   135,   100,   135,   128,    70,   132,    19,    10,   100,
     117,   136,   119,   117,   135,   141,    71,   134,   100,   117
};

typedef enum {
	toketype_ival, toketype_opval, toketype_pval
} toketypes;

/* type of each token/terminal */
static const toketypes yy_type_tab[] =
{
  toketype_ival, toketype_ival, toketype_ival, toketype_ival, toketype_ival, toketype_ival,
  toketype_ival, toketype_ival, toketype_ival, toketype_ival, toketype_ival, toketype_ival,
  toketype_ival, toketype_ival, toketype_ival, toketype_ival, toketype_ival, toketype_ival, toketype_ival, toketype_ival, toketype_opval, toketype_opval,
  toketype_opval, toketype_opval, toketype_opval, toketype_opval, toketype_opval, toketype_opval,
  toketype_opval, toketype_opval, toketype_opval, toketype_opval, toketype_opval, toketype_pval,
  toketype_ival, toketype_ival, toketype_ival, toketype_ival, toketype_ival, toketype_ival, toketype_ival, toketype_ival,
  toketype_ival, toketype_ival, toketype_ival, toketype_ival, toketype_ival, toketype_ival, toketype_ival, toketype_ival,
  toketype_ival, toketype_ival, toketype_ival, toketype_ival, toketype_ival, toketype_ival, toketype_ival,
  toketype_ival, toketype_ival, toketype_ival, toketype_ival, toketype_ival, toketype_ival, toketype_ival,
  toketype_ival, toketype_ival, toketype_ival, toketype_ival, toketype_ival, toketype_ival,
  toketype_ival, toketype_ival, toketype_ival, toketype_ival, toketype_ival, toketype_ival,
  toketype_ival, toketype_ival, toketype_ival, toketype_ival, toketype_ival, toketype_ival, toketype_ival, toketype_ival,
  toketype_ival, toketype_ival, toketype_ival, toketype_ival, toketype_ival, toketype_ival, toketype_ival,
  toketype_ival, toketype_ival, toketype_ival, toketype_ival, toketype_ival, toketype_ival, toketype_ival,
  toketype_ival, toketype_ival, toketype_ival, toketype_ival, toketype_ival, toketype_ival, toketype_ival, toketype_ival, toketype_ival,
  toketype_ival, toketype_ival, toketype_ival, toketype_ival, toketype_ival, toketype_ival, toketype_ival, toketype_opval,
  toketype_opval, toketype_ival, toketype_opval, toketype_ival, toketype_opval, toketype_opval,
  toketype_opval, toketype_opval, toketype_opval, toketype_ival, toketype_ival, toketype_ival, toketype_ival,
  toketype_ival, toketype_ival, toketype_ival, toketype_opval, toketype_opval, toketype_opval, toketype_opval, toketype_opval,
  toketype_ival, toketype_opval, toketype_opval, toketype_opval, toketype_opval, toketype_opval, toketype_opval,
  toketype_opval, toketype_ival, toketype_ival, toketype_ival, toketype_opval,
  toketype_opval, toketype_opval, toketype_opval, toketype_opval, toketype_ival,
  toketype_opval, toketype_opval, toketype_opval, toketype_opval, toketype_ival, toketype_opval,
  toketype_opval, toketype_opval, toketype_opval, toketype_opval, toketype_opval, toketype_opval,
  toketype_ival, toketype_opval, toketype_opval, toketype_opval, toketype_opval, toketype_opval,
  toketype_ival, toketype_ival, toketype_opval, toketype_opval, toketype_opval, toketype_opval,
  toketype_opval, toketype_opval, toketype_opval, toketype_opval, toketype_opval, toketype_opval, toketype_opval,
  toketype_opval, toketype_opval, toketype_opval
};

/* Generated from:
 * d9a5926b574f7dae679a5cd4d42d986f6114f89b4d2fd1c2a32437bf6c49771e perly.y
 * d1d4df7b8e30ac9dede664af9179e6e5e7ddc7f2ad9c4eff9e2e5b32c9e16a6e regen_perly.pl
 * ex: set ro: */
