/* ex: set ro ft=c: -*- buffer-read-only: t -*-
   !!!!!!!   DO NOT EDIT THIS FILE   !!!!!!!
   This file is built by regen_perly.pl from perly.y.
   Any changes made here will be lost!
 */

#define YYFINAL  14
/* YYLAST -- Last index in YYTABLE.  */
#define YYLAST   3155

/* YYNTOKENS -- Number of terminals.  */
#define YYNTOKENS  109
/* YYNNTS -- Number of nonterminals.  */
#define YYNNTS  81
/* YYNRULES -- Number of rules.  */
#define YYNRULES  261
/* YYNRULES -- Number of states.  */
#define YYNSTATES  526

/* YYTRANSLATE(YYLEX) -- Bison symbol number corresponding to YYLEX.  */
#define YYUNDEFTOK  2
#define YYMAXUTOK   341

#define YYTRANSLATE(YYX)						\
  ((unsigned int) (YYX) <= YYMAXUTOK ? yytranslate[YYX] : YYUNDEFTOK)

/* YYTRANSLATE[YYLEX] -- Bison symbol number corresponding to YYLEX.  */
static const yytype_uint8 yytranslate[] =
{
       0,     2,     2,     2,     2,     2,     2,     2,     2,     2,
       2,     2,     2,     2,     2,     2,     2,     2,     2,     2,
       2,     2,     2,     2,     2,     2,     2,     2,     2,     2,
       2,     2,     2,    91,     2,     2,   106,    16,    17,     2,
     104,   103,   107,    14,    80,    13,    19,   108,     2,     2,
       2,     2,     2,     2,     2,     2,     2,     2,    83,   105,
       2,    18,     2,    82,    15,     2,     2,     2,     2,     2,
       2,     2,     2,     2,     2,     2,     2,     2,     2,     2,
       2,     2,     2,     2,     2,     2,     2,     2,     2,     2,
       2,    11,     2,    12,     2,     2,     2,     2,     2,     2,
       2,     2,     2,     2,     2,     2,     2,     2,     2,     2,
       2,     2,     2,     2,     2,     2,     2,     2,     2,     2,
       2,     2,     2,     9,     2,    10,    92,     2,     2,     2,
       2,     2,     2,     2,     2,     2,     2,     2,     2,     2,
       2,     2,     2,     2,     2,     2,     2,     2,     2,     2,
       2,     2,     2,     2,     2,     2,     2,     2,     2,     2,
       2,     2,     2,     2,     2,     2,     2,     2,     2,     2,
       2,     2,     2,     2,     2,     2,     2,     2,     2,     2,
       2,     2,     2,     2,     2,     2,     2,     2,     2,     2,
       2,     2,     2,     2,     2,     2,     2,     2,     2,     2,
       2,     2,     2,     2,     2,     2,     2,     2,     2,     2,
       2,     2,     2,     2,     2,     2,     2,     2,     2,     2,
       2,     2,     2,     2,     2,     2,     2,     2,     2,     2,
       2,     2,     2,     2,     2,     2,     2,     2,     2,     2,
       2,     2,     2,     2,     2,     2,     2,     2,     2,     2,
       2,     2,     2,     2,     2,     2,     1,     2,     3,     4,
       5,     6,     7,     8,    20,    21,    22,    23,    24,    25,
      26,    27,    28,    29,    30,    31,    32,    33,    34,    35,
      36,    37,    38,    39,    40,    41,    42,    43,    44,    45,
      46,    47,    48,    49,    50,    51,    52,    53,    54,    55,
      56,    57,    58,    59,    60,    61,    62,    63,    64,    65,
      66,    67,    68,    69,    70,    71,    72,    73,    74,    75,
      76,    77,    78,    79,    81,    84,    85,    86,    87,    88,
      89,    90,    93,    94,    95,    96,    97,    98,    99,   100,
     101,   102
};

#if YYDEBUG
/* YYPRHS[YYN] -- Index of the first RHS symbol of rule number YYN in
   YYRHS.  */
static const yytype_uint16 yyprhs[] =
{
       0,     0,     3,     4,     9,    10,    14,    15,    19,    20,
      24,    25,    29,    30,    34,    39,    47,    48,    53,    54,
      55,    58,    59,    62,    64,    66,    69,    72,    74,    79,
      80,    88,    89,   100,   105,   106,   114,   122,   130,   137,
     144,   147,   156,   165,   166,   167,   181,   191,   200,   201,
     213,   223,   231,   234,   235,   244,   245,   253,   256,   258,
     261,   262,   266,   268,   270,   274,   278,   282,   286,   290,
     294,   295,   298,   305,   306,   309,   310,   311,   313,   314,
     316,   318,   320,   322,   324,   326,   327,   329,   331,   333,
     334,   335,   336,   338,   340,   341,   343,   344,   347,   349,
     352,   354,   355,   359,   361,   363,   367,   371,   375,   377,
     380,   384,   386,   390,   396,   403,   407,   411,   417,   420,
     425,   426,   432,   434,   436,   442,   447,   453,   458,   464,
     471,   477,   482,   488,   493,   497,   504,   509,   515,   519,
     523,   527,   531,   535,   539,   543,   547,   551,   555,   559,
     563,   567,   571,   574,   577,   580,   583,   586,   589,   592,
     595,   598,   601,   605,   608,   613,   617,   623,   632,   635,
     638,   640,   642,   644,   646,   652,   655,   657,   660,   664,
     666,   669,   671,   673,   675,   677,   679,   681,   686,   691,
     697,   703,   705,   707,   711,   716,   720,   725,   730,   735,
     740,   745,   747,   750,   753,   755,   758,   761,   763,   766,
     768,   771,   773,   777,   779,   783,   785,   789,   794,   795,
     802,   804,   806,   808,   810,   814,   817,   821,   824,   826,
     828,   830,   832,   833,   835,   836,   838,   839,   842,   844,
     846,   848,   850,   852,   854,   857,   860,   863,   869,   872,
     875,   880,   883,   885,   889,   891,   895,   897,   901,   903,
     905,   907
};

/* YYRHS -- A `-1'-separated list of the rules' RHS.  */
static const yytype_int16 yyrhs[] =
{
     110,     0,    -1,    -1,     3,   111,   119,   122,    -1,    -1,
       4,   112,   174,    -1,    -1,     5,   113,   117,    -1,    -1,
       6,   114,   126,    -1,    -1,     7,   115,   124,    -1,    -1,
       8,   116,   122,    -1,     9,   119,   122,    10,    -1,    18,
     119,   105,    74,   123,   105,    19,    -1,    -1,     9,   121,
     122,    10,    -1,    -1,    -1,   122,   124,    -1,    -1,   123,
     135,    -1,   126,    -1,   125,    -1,    33,   126,    -1,    33,
     125,    -1,    32,    -1,    34,   151,   147,   118,    -1,    -1,
     148,   152,   149,   127,   153,   154,   158,    -1,    -1,   148,
     152,   149,   128,   119,   156,   154,     9,   122,    10,    -1,
      39,    20,    20,   105,    -1,    -1,    41,   149,   129,    20,
      20,   173,   105,    -1,    44,   104,   119,   144,   103,   120,
     138,    -1,    45,   104,   119,   146,   103,   120,   138,    -1,
      50,   104,   119,   144,   103,   120,    -1,    51,   104,   119,
     144,   103,   120,    -1,    52,   117,    -1,    42,   104,   119,
     142,   103,   140,   120,   139,    -1,    43,   104,   119,   143,
     103,   140,   120,   139,    -1,    -1,    -1,    49,   104,   119,
     145,   105,   130,   142,   105,   131,   140,   145,   103,   120,
      -1,    49,    70,   119,   176,   104,   144,   103,   120,   139,
      -1,    49,   180,   104,   119,   144,   103,   120,   139,    -1,
      -1,    49,    93,    70,   119,   177,   132,   104,   144,   103,
     120,   139,    -1,    49,    93,   178,   104,   119,   144,   103,
     120,   139,    -1,    49,   104,   119,   144,   103,   120,   139,
      -1,   117,   139,    -1,    -1,    39,    20,    20,     9,   119,
     133,   122,    10,    -1,    -1,    40,    20,     9,   119,   134,
     122,    10,    -1,   137,   105,    -1,   105,    -1,    23,   136,
      -1,    -1,    73,   122,    74,    -1,     1,    -1,   159,    -1,
     159,    44,   159,    -1,   159,    45,   159,    -1,   159,    42,
     159,    -1,   159,    43,   143,    -1,   159,    49,   159,    -1,
     159,    51,   159,    -1,    -1,    46,   120,    -1,    47,   104,
     144,   103,   120,   138,    -1,    -1,    48,   117,    -1,    -1,
      -1,   137,    -1,    -1,   159,    -1,   159,    -1,   159,    -1,
     141,    -1,   143,    -1,    20,    -1,    -1,    35,    -1,    36,
      -1,    37,    -1,    -1,    -1,    -1,    20,    -1,    25,    -1,
      -1,    23,    -1,    -1,    72,    23,    -1,    72,    -1,    72,
      23,    -1,    72,    -1,    -1,   104,   157,   103,    -1,   117,
      -1,   105,    -1,   159,    78,   159,    -1,   159,    77,   159,
      -1,   159,    76,   159,    -1,   160,    -1,   160,    80,    -1,
     160,    80,   169,    -1,   169,    -1,    60,   189,   160,    -1,
      58,   104,   189,   159,   103,    -1,   169,   102,   163,   104,
     174,   103,    -1,   169,   102,   163,    -1,    21,   189,   173,
      -1,    22,   189,   104,   174,   103,    -1,    60,   173,    -1,
      58,   104,   174,   103,    -1,    -1,    30,   150,   117,   162,
     173,    -1,    21,    -1,   180,    -1,   188,     9,   159,   105,
      10,    -1,   180,    11,   159,    12,    -1,   169,   102,    11,
     159,    12,    -1,   164,    11,   159,    12,    -1,   180,     9,
     159,   105,    10,    -1,   169,   102,     9,   159,   105,    10,
      -1,   164,     9,   159,   105,    10,    -1,   169,   102,   104,
     103,    -1,   169,   102,   104,   159,   103,    -1,   164,   104,
     159,   103,    -1,   164,   104,   103,    -1,   104,   159,   103,
      11,   159,    12,    -1,    26,    11,   159,    12,    -1,   104,
     103,    11,   159,    12,    -1,   169,    81,   169,    -1,   169,
      96,   169,    -1,   169,    63,   169,    -1,   169,    64,   169,
      -1,   169,    89,   169,    -1,   169,    61,   169,    -1,   169,
      62,   169,    -1,   169,    88,   169,    -1,   169,    87,   169,
      -1,   169,    54,   169,    -1,   169,    86,   169,    -1,   169,
      85,   169,    -1,   169,    84,   169,    -1,   169,    90,   169,
      -1,    13,   169,    -1,    14,   169,    -1,    91,   169,    -1,
      92,   169,    -1,   169,    99,    -1,   169,    98,    -1,   169,
      97,    -1,   169,    95,    -1,   101,   169,    -1,   100,   169,
      -1,    11,   159,    12,    -1,    11,    12,    -1,    67,   159,
     105,    10,    -1,    67,   105,    10,    -1,    38,   150,   153,
     154,   117,    -1,    38,   150,   119,   156,   154,     9,   122,
      10,    -1,    66,   169,    -1,    66,   117,    -1,   165,    -1,
     166,    -1,   167,    -1,   168,    -1,   169,    82,   169,    83,
     169,    -1,    93,   169,    -1,   171,    -1,    69,   169,    -1,
     104,   159,   103,    -1,    26,    -1,   104,   103,    -1,   180,
      -1,   185,    -1,   183,    -1,   181,    -1,   184,    -1,   164,
      -1,   186,    11,   159,    12,    -1,   187,    11,   159,    12,
      -1,   186,     9,   159,   105,    10,    -1,   187,     9,   159,
     105,    10,    -1,    23,    -1,   179,    -1,   179,   104,   103,
      -1,   179,   104,   159,   103,    -1,    68,   152,   173,    -1,
     169,   102,   106,   107,    -1,   169,   102,    15,   107,    -1,
     169,   102,    16,   107,    -1,   169,   102,    17,   107,    -1,
     169,   102,   107,   107,    -1,    53,    -1,    53,   169,    -1,
      79,   160,    -1,    59,    -1,    59,   117,    -1,    59,   169,
      -1,    71,    -1,    71,   169,    -1,    29,    -1,    29,   169,
      -1,    56,    -1,    56,   104,   103,    -1,    27,    -1,    27,
     104,   103,    -1,    28,    -1,    57,   104,   103,    -1,    57,
     104,   159,   103,    -1,    -1,    24,   170,   104,   160,   175,
     103,    -1,    20,    -1,   161,    -1,    55,    -1,    31,    -1,
      70,   172,   155,    -1,    70,   172,    -1,   104,   159,   103,
      -1,   104,   103,    -1,   180,    -1,   183,    -1,   182,    -1,
     181,    -1,    -1,   160,    -1,    -1,   159,    -1,    -1,   108,
     159,    -1,   180,    -1,   180,    -1,   181,    -1,   183,    -1,
     177,    -1,   179,    -1,    17,   189,    -1,   106,   189,    -1,
      15,   189,    -1,    15,    25,    11,    23,    12,    -1,    16,
     189,    -1,    65,   189,    -1,   169,   102,    65,   107,    -1,
     107,   189,    -1,   181,    -1,   169,   102,    15,    -1,   183,
      -1,   169,   102,    16,    -1,   185,    -1,   169,   102,   107,
      -1,    20,    -1,   180,    -1,   117,    -1,    25,    -1
};

/* YYRLINE[YYN] -- source line where rule number YYN was defined.  */
static const yytype_uint16 yyrline[] =
{
       0,   115,   115,   114,   125,   124,   134,   133,   146,   145,
     158,   157,   170,   169,   181,   189,   197,   201,   209,   215,
     216,   226,   227,   236,   240,   244,   248,   255,   257,   268,
     267,   302,   301,   341,   349,   348,   357,   363,   369,   380,
     382,   384,   391,   399,   401,   398,   418,   423,   430,   429,
     444,   452,   458,   465,   464,   480,   479,   491,   495,   503,
     521,   522,   527,   529,   531,   533,   535,   537,   539,   542,
     548,   549,   554,   565,   566,   572,   578,   579,   584,   587,
     591,   596,   600,   604,   608,   609,   612,   613,   614,   618,
     623,   628,   633,   634,   639,   640,   645,   646,   648,   653,
     655,   661,   660,   679,   680,   684,   686,   688,   690,   694,
     696,   701,   705,   709,   713,   719,   724,   730,   736,   738,
     741,   740,   751,   752,   756,   760,   763,   768,   773,   776,
     780,   784,   787,   792,   796,   799,   801,   803,   808,   810,
     812,   817,   819,   821,   823,   825,   827,   829,   831,   833,
     835,   837,   842,   844,   847,   849,   851,   854,   857,   868,
     871,   874,   881,   883,   885,   887,   889,   892,   906,   908,
     912,   913,   914,   915,   916,   918,   920,   922,   924,   926,
     928,   930,   932,   934,   936,   938,   940,   942,   952,   962,
     972,   982,   984,   986,   989,   994,   998,  1000,  1002,  1004,
    1007,  1009,  1012,  1014,  1016,  1018,  1020,  1022,  1024,  1026,
    1028,  1031,  1033,  1035,  1037,  1039,  1041,  1045,  1048,  1047,
    1060,  1061,  1062,  1067,  1071,  1073,  1078,  1080,  1083,  1085,
    1087,  1089,  1094,  1096,  1101,  1102,  1107,  1108,  1114,  1118,
    1119,  1120,  1123,  1124,  1127,  1131,  1135,  1141,  1170,  1176,
    1178,  1182,  1186,  1187,  1191,  1192,  1196,  1197,  1202,  1204,
    1206,  1209
};
#endif

#if YYDEBUG || YYERROR_VERBOSE || 0
/* YYTNAME[SYMBOL-NUM] -- String name of the symbol SYMBOL-NUM.
   First, the terminals, then, starting at YYNTOKENS, nonterminals.  */
static const char *const yytname[] =
{
  "$end", "error", "$undefined", "GRAMPROG", "GRAMEXPR", "GRAMBLOCK",
  "GRAMBARESTMT", "GRAMFULLSTMT", "GRAMSTMTSEQ", "'{'", "'}'", "'['",
  "']'", "'-'", "'+'", "'@'", "'%'", "'&'", "'='", "'.'", "WORD", "METHOD",
  "FUNCMETH", "THING", "PMFUNC", "PRIVATEREF", "QWLIST", "FUNC0OP",
  "FUNC0SUB", "UNIOPSUB", "LSTOPSUB", "PLUGEXPR", "PLUGSTMT", "LABEL",
  "FORMAT", "SUB", "METHDECL", "MULTIDECL", "ANONSUB", "PACKAGE", "CLASS",
  "USE", "WHILE", "UNTIL", "IF", "UNLESS", "ELSE", "ELSIF", "CONTINUE",
  "FOR", "GIVEN", "WHEN", "DEFAULT", "LOOPEX", "DOTDOT", "YADAYADA",
  "FUNC0", "FUNC1", "FUNC", "UNIOP", "LSTOP", "RELOP", "EQOP", "MULOP",
  "ADDOP", "DOLSHARP", "DO", "HASHBRACK", "NOAMP", "LOCAL", "MY",
  "REQUIRE", "COLONATTR", "FORMLBRACK", "FORMRBRACK", "PREC_LOW", "DOROP",
  "OROP", "ANDOP", "NOTOP", "','", "ASSIGNOP", "'?'", "':'", "DORDOR",
  "OROR", "ANDAND", "BITOROP", "BITANDOP", "SHIFTOP", "MATCHOP", "'!'",
  "'~'", "REFGEN", "UMINUS", "POWCOP", "POWOP", "POSTJOIN", "POSTDEC",
  "POSTINC", "PREDEC", "PREINC", "ARROW", "')'", "'('", "';'", "'$'",
  "'*'", "'/'", "$accept", "grammar", "$@1", "$@2", "$@3", "$@4", "$@5",
  "$@6", "block", "formblock", "remember", "mblock", "mremember",
  "stmtseq", "formstmtseq", "fullstmt", "labfullstmt", "barestmt", "$@7",
  "$@8", "$@9", "$@10", "$@11", "@12", "$@13", "$@14", "formline",
  "formarg", "sideff", "else", "cont", "mintro", "nexpr", "texpr", "iexpr",
  "mexpr", "mnexpr", "miexpr", "formname", "subdecl", "startsub",
  "startanonsub", "startformsub", "subname", "proto", "subattrlist",
  "myattrlist", "subsignature", "@15", "optsubbody", "expr", "listexpr",
  "listop", "@16", "method", "subscripted", "termbinop", "termunop",
  "anonymous", "termdo", "term", "@17", "myattrterm", "myterm",
  "optlistexpr", "optexpr", "optrepl", "my_scalar", "my_var",
  "refgen_topic", "amper", "scalar", "ary", "sizearydecl", "hsh", "arylen",
  "star", "sliceme", "kvslice", "gelem", "indirob", YY_NULL
};
#endif

# ifdef YYPRINT
/* YYTOKNUM[YYLEX-NUM] -- Internal token number corresponding to
   token YYLEX-NUM.  */
static const yytype_uint16 yytoknum[] =
{
       0,   256,   257,   258,   259,   260,   261,   262,   263,   123,
     125,    91,    93,    45,    43,    64,    37,    38,    61,    46,
     264,   265,   266,   267,   268,   269,   270,   271,   272,   273,
     274,   275,   276,   277,   278,   279,   280,   281,   282,   283,
     284,   285,   286,   287,   288,   289,   290,   291,   292,   293,
     294,   295,   296,   297,   298,   299,   300,   301,   302,   303,
     304,   305,   306,   307,   308,   309,   310,   311,   312,   313,
     314,   315,   316,   317,   318,   319,   320,   321,   322,   323,
      44,   324,    63,    58,   325,   326,   327,   328,   329,   330,
     331,    33,   126,   332,   333,   334,   335,   336,   337,   338,
     339,   340,   341,    41,    40,    59,    36,    42,    47
};
# endif

/* YYR1[YYN] -- Symbol number of symbol that rule YYN derives.  */
static const yytype_uint8 yyr1[] =
{
       0,   109,   111,   110,   112,   110,   113,   110,   114,   110,
     115,   110,   116,   110,   117,   118,   119,   120,   121,   122,
     122,   123,   123,   124,   124,   125,   125,   126,   126,   127,
     126,   128,   126,   126,   129,   126,   126,   126,   126,   126,
     126,   126,   126,   130,   131,   126,   126,   126,   132,   126,
     126,   126,   126,   133,   126,   134,   126,   126,   126,   135,
     136,   136,   137,   137,   137,   137,   137,   137,   137,   137,
     138,   138,   138,   139,   139,   140,   141,   141,   142,   142,
     143,   144,   145,   146,   147,   147,   148,   148,   148,   149,
     150,   151,   152,   152,   153,   153,   154,   154,   154,   155,
     155,   157,   156,   158,   158,   159,   159,   159,   159,   160,
     160,   160,   161,   161,   161,   161,   161,   161,   161,   161,
     162,   161,   163,   163,   164,   164,   164,   164,   164,   164,
     164,   164,   164,   164,   164,   164,   164,   164,   165,   165,
     165,   165,   165,   165,   165,   165,   165,   165,   165,   165,
     165,   165,   166,   166,   166,   166,   166,   166,   166,   166,
     166,   166,   167,   167,   167,   167,   167,   167,   168,   168,
     169,   169,   169,   169,   169,   169,   169,   169,   169,   169,
     169,   169,   169,   169,   169,   169,   169,   169,   169,   169,
     169,   169,   169,   169,   169,   169,   169,   169,   169,   169,
     169,   169,   169,   169,   169,   169,   169,   169,   169,   169,
     169,   169,   169,   169,   169,   169,   169,   169,   170,   169,
     169,   169,   169,   169,   171,   171,   172,   172,   172,   172,
     172,   172,   173,   173,   174,   174,   175,   175,   176,   177,
     177,   177,   178,   178,   179,   180,   181,   182,   183,   184,
     184,   185,   186,   186,   187,   187,   188,   188,   189,   189,
     189,   189
};

/* YYR2[YYN] -- Number of symbols composing right hand side of rule YYN.  */
static const yytype_uint8 yyr2[] =
{
       0,     2,     0,     4,     0,     3,     0,     3,     0,     3,
       0,     3,     0,     3,     4,     7,     0,     4,     0,     0,
       2,     0,     2,     1,     1,     2,     2,     1,     4,     0,
       7,     0,    10,     4,     0,     7,     7,     7,     6,     6,
       2,     8,     8,     0,     0,    13,     9,     8,     0,    11,
       9,     7,     2,     0,     8,     0,     7,     2,     1,     2,
       0,     3,     1,     1,     3,     3,     3,     3,     3,     3,
       0,     2,     6,     0,     2,     0,     0,     1,     0,     1,
       1,     1,     1,     1,     1,     0,     1,     1,     1,     0,
       0,     0,     1,     1,     0,     1,     0,     2,     1,     2,
       1,     0,     3,     1,     1,     3,     3,     3,     1,     2,
       3,     1,     3,     5,     6,     3,     3,     5,     2,     4,
       0,     5,     1,     1,     5,     4,     5,     4,     5,     6,
       5,     4,     5,     4,     3,     6,     4,     5,     3,     3,
       3,     3,     3,     3,     3,     3,     3,     3,     3,     3,
       3,     3,     2,     2,     2,     2,     2,     2,     2,     2,
       2,     2,     3,     2,     4,     3,     5,     8,     2,     2,
       1,     1,     1,     1,     5,     2,     1,     2,     3,     1,
       2,     1,     1,     1,     1,     1,     1,     4,     4,     5,
       5,     1,     1,     3,     4,     3,     4,     4,     4,     4,
       4,     1,     2,     2,     1,     2,     2,     1,     2,     1,
       2,     1,     3,     1,     3,     1,     3,     4,     0,     6,
       1,     1,     1,     1,     3,     2,     3,     2,     1,     1,
       1,     1,     0,     1,     0,     1,     0,     2,     1,     1,
       1,     1,     1,     1,     2,     2,     2,     5,     2,     2,
       4,     2,     1,     3,     1,     3,     1,     3,     1,     1,
       1,     1
};

/* YYDEFACT[STATE-NAME] -- Default reduction number in state STATE-NUM.
   Performed when YYTABLE doesn't specify something else to do.  Zero
   means the default is an error.  */
static const yytype_uint16 yydefact[] =
{
       0,     2,     4,     6,     8,    10,    12,     0,    16,   234,
       0,     0,     0,    19,     1,    19,     0,     0,     0,     0,
       0,     0,   220,     0,     0,   191,   218,   179,   213,   215,
     209,    90,   223,    90,   201,   222,   211,     0,     0,   204,
     232,     0,     0,     0,     0,     0,     0,   207,     0,     0,
       0,     0,     0,     0,     0,     0,     0,   235,   108,   221,
     186,   170,   171,   172,   173,   111,   176,     5,   192,   181,
     184,   183,   185,   182,     0,     0,     0,    16,     7,    62,
      27,    91,    86,    87,    88,     0,     0,    89,     0,     0,
       0,     0,     0,     0,     0,     0,    58,    73,     9,     0,
       0,    63,     0,    11,    24,    23,     0,     0,   163,     0,
     152,   153,   258,   261,   260,   259,   246,   248,   244,   232,
       0,     0,     0,     0,   210,     0,    94,   202,     0,     0,
     234,   205,   206,   258,   233,   118,   259,     0,   249,   169,
     168,     0,     0,    92,    93,   232,   177,     0,     0,   225,
     228,   231,   230,   229,   208,   203,   154,   155,   175,   161,
     160,   180,     0,   245,   251,     0,     0,     0,   109,     0,
       0,     0,     0,     0,     0,     0,     0,     0,     0,     0,
       0,     0,     0,     0,     0,     0,   159,     0,   158,   157,
     156,     0,     0,     0,     0,     0,     0,     0,     0,     0,
      19,    85,     0,     0,    34,    16,    16,    16,    16,    16,
       0,    16,     0,    16,    16,    40,     0,    52,    57,    89,
       0,     0,     0,     0,     0,     0,    26,    25,    20,   162,
     116,   234,     0,     0,   214,   120,    95,     0,    96,   212,
     216,     0,     0,     0,   112,   165,     0,   195,   261,   227,
       0,   100,   224,     0,   178,   107,   106,   105,   110,     0,
       0,   134,     0,   147,   143,   144,   140,   141,   138,     0,
     150,   149,   148,   146,   145,   142,   151,   139,     0,     0,
     253,   255,     0,   122,     0,     0,     0,   257,   115,   123,
     193,     0,     0,     0,     0,     0,     0,     0,     0,     0,
      84,     0,     0,    16,     0,    78,     0,     0,     0,     0,
      16,   242,     0,   243,   239,   240,   241,     0,    16,     0,
       0,    74,    29,    66,    67,    80,    64,    65,    68,    69,
       0,   236,   136,   232,   101,    96,    98,     0,   217,   119,
       0,   164,     0,   226,    99,     0,     0,     0,   127,   133,
       0,     0,     0,   197,   198,   199,   250,   131,     0,   196,
     200,   234,   194,     0,   125,     0,   187,     0,   188,     0,
      14,    16,    28,    16,    33,    55,     0,     0,    79,     0,
       0,    81,    83,     0,     0,   238,     0,    16,    77,    82,
       0,     0,    63,     0,     0,     0,    94,    16,   117,     0,
       0,   121,     0,     0,    97,   166,   113,     0,   137,     0,
     130,   174,     0,   126,   132,     0,   128,   189,   190,   124,
       0,    53,    19,   232,    75,    75,     0,     0,     0,    48,
       0,     0,    43,     0,     0,     0,    96,     0,   237,   219,
     102,    19,   247,   135,   129,   114,     0,    19,     0,     0,
       0,     0,    18,    70,    70,     0,     0,     0,    73,    78,
       0,    38,    39,     0,    96,     0,    21,     0,    56,    35,
      73,    73,    19,     0,     0,    36,    37,     0,     0,     0,
      51,     0,    73,   104,   103,    30,     0,   167,     0,    54,
      41,    42,     0,    71,     0,    73,     0,    73,    44,    47,
      19,    60,     0,    22,    17,     0,    46,     0,    50,    75,
       0,    19,    59,    15,     0,    73,     0,    32,     0,    70,
      49,     0,    61,    72,     0,    45
};

/* YYDEFGOTO[NTERM-NUM].  */
static const yytype_int16 yydefgoto[] =
{
      -1,     7,     8,     9,    10,    11,    12,    13,    97,   372,
      15,   453,   472,   106,   488,   228,   104,   105,   396,   397,
     304,   459,   509,   456,   447,   422,   503,   512,    99,   475,
     217,   450,   389,   377,   324,   380,   391,   383,   301,   100,
     204,   125,   201,   145,   238,   337,   252,   335,   402,   485,
     101,    58,    59,   333,   288,    60,    61,    62,    63,    64,
      65,   121,    66,   149,   135,    67,   400,   384,   311,   312,
      68,    69,    70,   152,    71,    72,    73,    74,    75,    76,
     116
};

/* YYPACT[STATE-NUM] -- Index in YYTABLE of the portion describing
   STATE-NUM.  */
#define YYPACT_NINF -433
static const yytype_int16 yypact[] =
{
     501,  -433,  -433,  -433,  -433,  -433,  -433,    16,  -433,  2928,
      17,  1627,  1526,  -433,  -433,  -433,  2152,  2928,  2928,    33,
      33,    33,  -433,    33,    33,  -433,  -433,    18,   -71,  -433,
    2928,  -433,  -433,  -433,  2928,  -433,   -64,   -63,   -57,  2019,
    1920,    33,  2019,  2249,    55,  2928,    70,  2928,  2928,  2928,
    2928,  2928,  2928,  2928,  2346,    33,    33,   335,    -9,  -433,
      45,  -433,  -433,  -433,  -433,  3007,  -433,  -433,   -41,    83,
     111,   137,  -433,    65,   164,   168,    92,  -433,  -433,  -433,
    -433,  -433,  -433,  -433,  -433,    95,    99,  -433,    21,    22,
      43,    46,    34,    68,   104,    17,  -433,   148,  -433,    94,
      55,  2109,  1526,  -433,  -433,  -433,   616,   718,  -433,    67,
     367,   367,  -433,  -433,  -433,  -433,  -433,  -433,  -433,  2928,
     109,   120,  2928,   130,   486,    17,    13,  3007,   133,  2443,
    1920,  -433,   486,   516,    -9,  -433,   449,  2928,  -433,  -433,
     486,   238,    76,  -433,  -433,  2928,   486,    63,  2540,   182,
    -433,  -433,  -433,  -433,   486,    -9,   367,   367,   367,   -29,
     -29,   255,   106,  -433,  -433,  2928,  2928,  2928,  2928,  2928,
    2928,  2637,  2928,  2928,  2928,  2928,  2928,  2928,  2928,  2928,
    2928,  2928,  2928,  2928,  2928,  2928,  -433,  2928,  -433,  -433,
    -433,    97,  2734,  2928,  2928,  2928,  2928,  2928,  2928,  2928,
    -433,   250,   254,   266,  -433,  -433,  -433,  -433,  -433,  -433,
      61,  -433,   181,  -433,  -433,  -433,    17,  -433,  -433,  -433,
    2928,  2928,  2928,  2928,  2928,  2928,  -433,  -433,  -433,  -433,
    -433,  2928,  2928,    79,  -433,  -433,  -433,   199,   232,  -433,
    -433,   153,   209,  2928,    -9,  -433,   305,  -433,   321,  -433,
     245,   310,  -433,  2928,   332,   267,   267,  -433,  3007,   129,
     183,  -433,   261,  1712,  2137,   384,   703,   601,  3007,  2961,
    1807,  1807,   340,  1905,  2004,  2032,   367,   367,  2928,  2928,
     252,   272,   274,  -433,   275,  2831,    30,   279,   256,  -433,
    -433,   313,   191,   186,   204,   200,   241,   210,   248,   819,
    -433,   339,     0,  -433,   372,  2928,  2928,  2928,  2928,   299,
    -433,  -433,   302,  -433,  -433,  -433,  -433,  1724,  -433,  2928,
    2928,  -433,   304,   335,  -433,   335,   335,   335,   335,   335,
     306,   -59,  -433,  2928,  -433,   232,   391,    17,  -433,  -433,
     318,  -433,   395,  -433,  -433,   216,  2928,   409,  -433,  -433,
    2928,   258,   229,  -433,  -433,  -433,  -433,  -433,   322,  -433,
    -433,  2928,  -433,   410,  -433,   413,  -433,   423,  -433,   424,
    -433,  -433,  -433,  -433,  -433,  -433,   420,   341,   335,   347,
     348,   335,  -433,   349,   350,  -433,    74,  -433,  -433,  -433,
     352,   338,   307,  2928,   353,   356,   445,  -433,  -433,  2928,
     368,  -433,   373,   461,  -433,  -433,  -433,   463,  -433,   253,
    -433,  3053,   467,  -433,  -433,   375,  -433,  -433,  -433,  -433,
     379,  -433,  -433,  2928,  -433,  -433,   478,   478,  2928,  -433,
    2928,   478,  -433,   386,   478,   478,   232,   199,   335,  -433,
    -433,  -433,  -433,  -433,  -433,  -433,   416,  -433,   920,   390,
     478,   478,  -433,    86,    86,   394,   397,   396,   148,  2928,
     478,  -433,  -433,     6,   232,  1021,  -433,  1122,  -433,  -433,
     148,   148,  -433,   478,   398,  -433,  -433,   478,  2928,   478,
    -433,   412,   148,  -433,  -433,  -433,   505,  -433,    -5,  -433,
    -433,  -433,  1223,  -433,  2928,   148,   415,   148,  -433,  -433,
    -433,   442,   500,  -433,  -433,   417,  -433,   478,  -433,  -433,
    1324,  -433,  -433,  -433,   478,   148,  1821,  -433,  1425,    86,
    -433,   418,  -433,  -433,   478,  -433
};

/* YYPGOTO[NTERM-NUM].  */
static const yytype_int16 yypgoto[] =
{
    -433,  -433,  -433,  -433,  -433,  -433,  -433,  -433,     4,  -433,
      44,  1682,  -433,   -15,  -433,   510,   421,    -4,  -433,  -433,
    -433,  -433,  -433,  -433,  -433,  -433,  -433,  -433,  -316,  -432,
    -187,  -414,  -433,    81,   -17,  -300,     8,  -433,  -433,  -433,
     323,   508,  -433,   453,   159,  -329,  -433,   119,  -433,  -433,
      -6,   -35,  -433,  -433,  -433,  -433,  -433,  -433,  -433,  -433,
     193,  -433,  -433,  -433,  -107,  -122,  -433,  -433,   176,  -433,
     354,    11,   -44,  -433,   -42,  -433,  -433,  -433,  -433,  -433,
      41
};

/* YYTABLE[YYPACT[STATE-NUM]].  What to do in state STATE-NUM.  If
   positive, shift that token.  If negative, reduce the rule which
   number is the opposite.  If YYTABLE_NINF, syntax error.  */
#define YYTABLE_NINF -257
static const yytype_int16 yytable[] =
{
     107,   388,   151,    57,   153,   134,   403,    98,   242,   373,
     109,   451,   230,   155,    78,    77,    14,   390,   501,   394,
     395,   168,   476,   114,   114,   114,    77,   114,   114,   122,
     115,   115,   115,   123,   115,   115,   236,   142,   247,    77,
     128,   129,    77,   131,   114,   114,   139,   130,   162,   399,
     112,   136,   115,   112,   169,   113,   170,   150,   113,   114,
     114,   117,   118,   192,   119,   120,   115,   115,  -257,  -257,
    -257,   168,    77,   191,  -256,   143,    19,    20,    21,   229,
     144,   137,   138,   112,   134,   147,    20,   523,   248,    19,
      20,   332,   193,   433,   194,   516,   163,   164,   227,   215,
     502,   199,   244,   212,   209,   374,   278,   463,   279,   330,
     134,   483,   280,   281,   282,   202,   233,   -16,   283,   203,
    -252,   200,  -252,   241,    57,   205,   206,   210,   455,   235,
     457,   310,   473,   474,   114,   486,    55,   359,   211,    55,
      55,   136,   250,   165,   166,   167,  -254,   207,  -254,   171,
     208,   114,   165,   166,   167,   165,   166,   167,   115,   255,
     256,   257,   284,   259,   260,   262,   315,    55,   316,    55,
     237,   243,   213,   195,   148,   196,    55,   197,   496,   198,
      55,   246,   165,   166,   167,   299,   291,   292,   293,   294,
     295,   296,   297,   298,   505,   348,   216,   331,   364,   218,
     388,   285,   289,   286,   287,   165,   166,   167,   214,   254,
     110,   111,   366,   231,   323,   325,   326,   327,   328,   329,
     321,   314,   368,   124,   232,    57,   401,   127,   408,   165,
     166,   167,   132,   234,   347,   140,   239,   340,   146,   415,
     154,   413,   156,   157,   158,   159,   160,   345,   245,   305,
     306,   307,   308,   309,   251,   317,   338,   319,   320,   165,
     166,   167,   165,   166,   167,   443,   253,   165,   166,   167,
     300,   480,   351,   352,   302,   303,   165,   166,   167,   358,
     165,   166,   167,   490,   491,   318,   165,   166,   167,   379,
     114,   382,   165,   166,   167,   499,   363,   115,   134,   378,
     325,   381,   325,   334,   336,   165,   166,   167,   506,   365,
     508,   392,   339,   381,   381,   341,   449,   165,   166,   167,
     385,   165,   166,   167,   165,   166,   167,   163,   520,   165,
     166,   167,   342,   344,   165,   166,   167,   165,   166,   167,
     409,   405,   315,   346,   316,   167,   367,   375,   343,   220,
     221,   222,   223,   369,   386,    57,   224,   371,   225,   353,
     361,   258,   393,   412,   349,   263,   264,   265,   266,   267,
     268,   269,   270,   271,   272,   273,   274,   275,   276,   354,
     277,   355,   356,   165,   166,   167,   360,   381,   134,   165,
     166,   167,   376,   438,   165,   166,   167,   314,   165,   166,
     167,   173,   174,   175,   176,    55,   387,   448,   -31,   398,
     -81,   165,   166,   167,   404,   420,   362,   421,   407,   410,
     416,   406,   381,   417,   381,   414,   465,   182,   183,   184,
     185,   430,   467,   418,   419,   186,   187,   188,   189,   190,
     423,   437,   191,   432,   424,   173,  -257,   175,   176,  -181,
     425,   426,   427,   378,   428,   431,   434,   492,   193,   435,
     194,  -181,   186,   187,   188,   189,   190,   484,   236,   191,
     441,   439,   381,   184,   185,   442,   440,   444,   445,   186,
     187,   188,   189,   190,   446,   510,   191,   452,   381,   460,
     466,  -181,  -181,  -181,  -181,   469,   518,   477,  -181,   479,
    -181,   478,   494,  -181,     1,     2,     3,     4,     5,     6,
    -181,  -181,  -181,  -181,   500,   511,  -220,   498,   507,   513,
     514,   524,   103,   226,   521,  -181,  -181,  -181,  -220,  -181,
    -181,  -181,  -181,  -181,  -181,  -181,  -181,  -181,  -181,  -181,
     481,   126,   322,   411,  -181,  -181,  -181,  -181,  -181,   175,
     176,  -181,  -181,   219,  -181,   436,   464,  -181,  -220,  -220,
    -220,  -220,   429,     0,   313,  -220,     0,  -220,     0,     0,
    -220,     0,     0,     0,     0,   184,   185,  -220,  -220,  -220,
    -220,   186,   187,   188,   189,   190,     0,     0,   191,     0,
       0,     0,  -220,  -220,  -220,     0,  -220,  -220,  -220,  -220,
    -220,  -220,  -220,  -220,  -220,  -220,  -220,     0,     0,     0,
       0,  -220,  -220,  -220,  -220,  -220,   -13,    79,  -220,  -220,
       0,  -220,     0,     0,  -220,    77,     0,    16,     0,    17,
      18,    19,    20,    21,     0,     0,    22,    23,    24,    25,
      26,     0,    27,    28,    29,    30,    31,    32,    80,   102,
      81,    82,    83,    84,    33,    85,    86,    87,    88,    89,
      90,    91,     0,     0,   175,    92,    93,    94,    95,    34,
       0,    35,    36,    37,    38,    39,    40,     0,     0,     0,
       0,    41,    42,    43,    44,    45,    46,    47,     0,     0,
       0,   185,     0,     0,     0,    48,   186,   187,   188,   189,
     190,     0,     0,   191,     0,     0,     0,    49,    50,    51,
       0,     0,     0,     0,     0,     0,    52,    53,    -3,    79,
      54,    96,    55,    56,     0,     0,     0,    77,     0,    16,
       0,    17,    18,    19,    20,    21,     0,     0,    22,    23,
      24,    25,    26,     0,    27,    28,    29,    30,    31,    32,
      80,   102,    81,    82,    83,    84,    33,    85,    86,    87,
      88,    89,    90,    91,     0,     0,     0,    92,    93,    94,
      95,    34,     0,    35,    36,    37,    38,    39,    40,     0,
       0,     0,     0,    41,    42,    43,    44,    45,    46,    47,
       0,     0,     0,   185,     0,     0,     0,    48,   186,   187,
     188,   189,   190,     0,     0,   191,     0,     0,     0,    49,
      50,    51,     0,     0,     0,     0,     0,     0,    52,    53,
      79,     0,    54,    96,    55,    56,     0,     0,    77,   370,
      16,     0,    17,    18,    19,    20,    21,     0,     0,    22,
      23,    24,    25,    26,     0,    27,    28,    29,    30,    31,
      32,    80,   102,    81,    82,    83,    84,    33,    85,    86,
      87,    88,    89,    90,    91,     0,     0,     0,    92,    93,
      94,    95,    34,     0,    35,    36,    37,    38,    39,    40,
       0,     0,     0,     0,    41,    42,    43,    44,    45,    46,
      47,     0,     0,     0,     0,     0,     0,     0,    48,     0,
       0,     0,     0,     0,     0,     0,     0,     0,     0,     0,
      49,    50,    51,     0,     0,     0,     0,     0,     0,    52,
      53,    79,     0,    54,    96,    55,    56,     0,     0,    77,
     468,    16,     0,    17,    18,    19,    20,    21,     0,     0,
      22,    23,    24,    25,    26,     0,    27,    28,    29,    30,
      31,    32,    80,   102,    81,    82,    83,    84,    33,    85,
      86,    87,    88,    89,    90,    91,     0,     0,     0,    92,
      93,    94,    95,    34,     0,    35,    36,    37,    38,    39,
      40,     0,     0,     0,     0,    41,    42,    43,    44,    45,
      46,    47,     0,     0,     0,     0,     0,     0,     0,    48,
       0,     0,     0,     0,     0,     0,     0,     0,     0,     0,
       0,    49,    50,    51,     0,     0,     0,     0,     0,     0,
      52,    53,    79,     0,    54,    96,    55,    56,     0,     0,
      77,   487,    16,     0,    17,    18,    19,    20,    21,     0,
       0,    22,    23,    24,    25,    26,     0,    27,    28,    29,
      30,    31,    32,    80,   102,    81,    82,    83,    84,    33,
      85,    86,    87,    88,    89,    90,    91,     0,     0,     0,
      92,    93,    94,    95,    34,     0,    35,    36,    37,    38,
      39,    40,     0,     0,     0,     0,    41,    42,    43,    44,
      45,    46,    47,     0,     0,     0,     0,     0,     0,     0,
      48,     0,     0,     0,     0,     0,     0,     0,     0,     0,
       0,     0,    49,    50,    51,     0,     0,     0,     0,     0,
       0,    52,    53,    79,     0,    54,    96,    55,    56,     0,
       0,    77,   489,    16,     0,    17,    18,    19,    20,    21,
       0,     0,    22,    23,    24,    25,    26,     0,    27,    28,
      29,    30,    31,    32,    80,   102,    81,    82,    83,    84,
      33,    85,    86,    87,    88,    89,    90,    91,     0,     0,
       0,    92,    93,    94,    95,    34,     0,    35,    36,    37,
      38,    39,    40,     0,     0,     0,     0,    41,    42,    43,
      44,    45,    46,    47,     0,     0,     0,     0,     0,     0,
       0,    48,     0,     0,     0,     0,     0,     0,     0,     0,
       0,     0,     0,    49,    50,    51,     0,     0,     0,     0,
       0,     0,    52,    53,    79,     0,    54,    96,    55,    56,
       0,     0,    77,   504,    16,     0,    17,    18,    19,    20,
      21,     0,     0,    22,    23,    24,    25,    26,     0,    27,
      28,    29,    30,    31,    32,    80,   102,    81,    82,    83,
      84,    33,    85,    86,    87,    88,    89,    90,    91,     0,
       0,     0,    92,    93,    94,    95,    34,     0,    35,    36,
      37,    38,    39,    40,     0,     0,     0,     0,    41,    42,
      43,    44,    45,    46,    47,     0,     0,     0,     0,     0,
       0,     0,    48,     0,     0,     0,     0,     0,     0,     0,
       0,     0,     0,     0,    49,    50,    51,     0,     0,     0,
       0,     0,     0,    52,    53,    79,     0,    54,    96,    55,
      56,     0,     0,    77,   517,    16,     0,    17,    18,    19,
      20,    21,     0,     0,    22,    23,    24,    25,    26,     0,
      27,    28,    29,    30,    31,    32,    80,   102,    81,    82,
      83,    84,    33,    85,    86,    87,    88,    89,    90,    91,
       0,     0,     0,    92,    93,    94,    95,    34,     0,    35,
      36,    37,    38,    39,    40,     0,     0,     0,     0,    41,
      42,    43,    44,    45,    46,    47,     0,     0,     0,     0,
       0,     0,     0,    48,     0,     0,     0,     0,     0,     0,
       0,     0,     0,     0,     0,    49,    50,    51,     0,     0,
       0,     0,     0,     0,    52,    53,    79,     0,    54,    96,
      55,    56,     0,     0,    77,     0,    16,     0,    17,    18,
      19,    20,    21,     0,     0,    22,    23,    24,    25,    26,
       0,    27,    28,    29,    30,    31,    32,    80,   102,    81,
      82,    83,    84,    33,    85,    86,    87,    88,    89,    90,
      91,     0,     0,     0,    92,    93,    94,    95,    34,     0,
      35,    36,    37,    38,    39,    40,     0,     0,     0,     0,
      41,    42,    43,    44,    45,    46,    47,     0,     0,   522,
       0,     0,     0,     0,    48,     0,     0,     0,     0,     0,
       0,     0,     0,     0,     0,     0,    49,    50,    51,     0,
       0,     0,     0,     0,     0,    52,    53,    79,     0,    54,
      96,    55,    56,     0,     0,    77,     0,    16,     0,    17,
      18,    19,    20,    21,     0,     0,    22,    23,    24,    25,
      26,     0,    27,    28,    29,    30,    31,    32,    80,   102,
      81,    82,    83,    84,    33,    85,    86,    87,    88,    89,
      90,    91,     0,     0,     0,    92,    93,    94,    95,    34,
       0,    35,    36,    37,    38,    39,    40,     0,     0,     0,
       0,    41,    42,    43,    44,    45,    46,    47,     0,     0,
       0,     0,     0,     0,     0,    48,     0,     0,     0,     0,
       0,     0,     0,     0,     0,     0,     0,    49,    50,    51,
       0,     0,     0,     0,     0,     0,    52,    53,    79,     0,
      54,    96,    55,    56,     0,     0,    77,     0,    16,     0,
      17,    18,    19,    20,    21,     0,     0,    22,    23,    24,
      25,    26,     0,    27,    28,    29,    30,    31,    32,    80,
       0,    81,    82,    83,    84,    33,    85,    86,    87,    88,
      89,    90,    91,     0,     0,     0,    92,    93,    94,    95,
      34,     0,    35,    36,    37,    38,    39,    40,     0,     0,
       0,     0,    41,    42,    43,    44,    45,    46,    47,     0,
       0,     0,     0,     0,     0,     0,    48,     0,     0,     0,
       0,     0,     0,     0,     0,     0,     0,     0,    49,    50,
      51,     0,     0,     0,     0,    79,     0,    52,    53,     0,
       0,    54,    96,    55,    56,    16,     0,    17,    18,    19,
      20,    21,     0,     0,    22,    23,    24,    25,    26,     0,
      27,    28,    29,    30,    31,    32,     0,     0,     0,     0,
       0,     0,    33,     0,     0,     0,  -257,     0,     0,     0,
       0,     0,     0,   173,   174,   175,   176,    34,     0,    35,
      36,    37,    38,    39,    40,     0,     0,     0,     0,    41,
      42,    43,    44,    45,    46,    47,   179,   180,   181,   182,
     183,   184,   185,    48,     0,     0,     0,   186,   187,   188,
     189,   190,     0,     0,   191,    49,    50,    51,     0,     0,
       0,     0,    79,     0,    52,    53,     0,     0,    54,   -76,
      55,    56,    16,     0,    17,    18,    19,    20,    21,     0,
       0,    22,    23,    24,    25,    26,     0,    27,    28,    29,
      30,    31,    32,     0,     0,     0,     0,     0,     0,    33,
       0,     0,     0,     0,     0,     0,     0,     0,   173,   174,
     175,   176,     0,     0,    34,     0,    35,    36,    37,    38,
      39,    40,     0,     0,     0,     0,    41,    42,    43,    44,
      45,    46,    47,   181,   182,   183,   184,   185,     0,     0,
      48,     0,   186,   187,   188,   189,   190,     0,     0,   191,
       0,     0,    49,    50,    51,     0,     0,     0,     0,     0,
       0,    52,    53,     0,   -76,    54,     0,    55,    56,    77,
       0,    16,     0,    17,    18,    19,    20,    21,     0,     0,
     133,    23,    24,    25,    26,   113,    27,    28,    29,    30,
      31,    32,     0,     0,     0,     0,     0,     0,    33,     0,
       0,     0,     0,     0,     0,     0,   173,   174,   175,   176,
       0,     0,     0,    34,     0,    35,    36,    37,    38,    39,
      40,     0,     0,     0,     0,    41,    42,    43,    44,    45,
      46,    47,     0,   183,   184,   185,     0,     0,     0,    48,
     186,   187,   188,   189,   190,     0,     0,   191,     0,     0,
       0,    49,    50,    51,     0,     0,     0,     0,     0,     0,
      52,    53,     0,     0,    54,     0,    55,    56,    77,     0,
      16,     0,    17,    18,    19,    20,    21,     0,     0,    22,
      23,    24,    25,    26,     0,    27,    28,    29,    30,    31,
      32,     0,     0,     0,     0,     0,     0,    33,     0,     0,
       0,     0,     0,     0,     0,   173,   174,   175,   176,     0,
       0,     0,    34,     0,    35,    36,    37,    38,    39,    40,
       0,     0,     0,     0,    41,    42,    43,    44,    45,    46,
      47,     0,     0,   184,   185,   175,   176,     0,    48,   186,
     187,   188,   189,   190,     0,     0,   191,     0,     0,   454,
      49,    50,    51,   458,     0,     0,   461,   462,     0,    52,
      53,     0,   185,    54,     0,    55,    56,   186,   187,   188,
     189,   190,   470,   471,   191,     0,     0,     0,     0,     0,
       0,     0,   482,     0,     0,     0,     0,     0,     0,     0,
       0,   220,   221,   222,   223,   493,     0,     0,   224,   495,
     225,   497,     0,    16,   108,    17,    18,    19,    20,    21,
       0,     0,    22,    23,    24,    25,    26,     0,    27,    28,
      29,    30,    31,    32,     0,   165,   166,   167,     0,   515,
      33,     0,     0,     0,     0,     0,   519,     0,  -257,     0,
     175,   176,     0,     0,     0,    34,   525,    35,    36,    37,
      38,    39,    40,     0,     0,     0,     0,    41,    42,    43,
      44,    45,    46,    47,     0,     0,   184,   185,     0,     0,
       0,    48,   186,   187,   188,   189,   190,     0,     0,   191,
       0,     0,     0,    49,    50,    51,     0,     0,     0,     0,
       0,     0,    52,    53,     0,     0,    54,     0,    55,    56,
      16,     0,    17,    18,    19,    20,    21,     0,     0,    22,
      23,    24,    25,    26,     0,    27,    28,    29,    30,    31,
      32,     0,     0,     0,     0,     0,     0,    33,     0,     0,
       0,     0,     0,     0,     0,     0,     0,     0,     0,     0,
       0,     0,    34,     0,    35,    36,    37,    38,    39,    40,
       0,     0,     0,     0,    41,    42,    43,    44,    45,    46,
      47,     0,     0,     0,     0,     0,     0,     0,    48,     0,
       0,     0,     0,     0,     0,     0,     0,     0,     0,     0,
      49,    50,    51,     0,     0,     0,     0,     0,     0,    52,
      53,     0,     0,    54,   141,    55,    56,    16,     0,    17,
      18,    19,    20,    21,     0,     0,    22,    23,    24,    25,
      26,     0,    27,    28,    29,    30,    31,    32,     0,     0,
       0,     0,     0,     0,    33,     0,     0,     0,     0,     0,
       0,     0,     0,     0,     0,     0,     0,     0,     0,    34,
       0,    35,    36,    37,    38,    39,    40,     0,     0,     0,
       0,    41,    42,    43,    44,    45,    46,    47,     0,     0,
       0,     0,     0,     0,     0,    48,     0,     0,     0,     0,
       0,     0,     0,     0,     0,     0,     0,    49,    50,    51,
       0,     0,     0,     0,     0,     0,    52,    53,     0,   161,
      54,     0,    55,    56,    16,     0,    17,    18,    19,    20,
      21,     0,     0,    22,    23,    24,    25,    26,     0,    27,
      28,    29,    30,    31,    32,     0,     0,     0,     0,     0,
       0,    33,     0,     0,     0,     0,     0,     0,     0,     0,
       0,     0,     0,     0,     0,     0,    34,     0,    35,    36,
      37,    38,    39,    40,     0,     0,     0,     0,    41,    42,
      43,    44,    45,    46,    47,     0,     0,     0,     0,     0,
       0,     0,    48,     0,     0,     0,     0,     0,     0,     0,
       0,     0,     0,     0,    49,    50,    51,     0,     0,     0,
       0,     0,     0,    52,    53,     0,   240,    54,     0,    55,
      56,    16,     0,    17,    18,    19,    20,    21,     0,     0,
      22,    23,    24,    25,    26,     0,    27,    28,    29,    30,
      31,    32,     0,     0,     0,     0,     0,     0,    33,     0,
       0,     0,     0,     0,     0,     0,     0,     0,     0,     0,
       0,     0,     0,    34,     0,    35,    36,    37,    38,    39,
      40,     0,     0,     0,     0,    41,    42,    43,    44,    45,
      46,    47,     0,     0,     0,     0,     0,     0,     0,    48,
       0,     0,     0,     0,     0,     0,     0,     0,     0,     0,
       0,    49,    50,    51,     0,     0,     0,     0,     0,     0,
      52,    53,     0,   249,    54,     0,    55,    56,    16,     0,
      17,    18,    19,    20,    21,     0,     0,    22,    23,    24,
      25,    26,     0,    27,    28,    29,    30,    31,    32,     0,
       0,     0,     0,     0,     0,    33,     0,     0,     0,     0,
       0,     0,     0,     0,     0,     0,     0,     0,     0,     0,
      34,     0,    35,    36,    37,    38,    39,    40,     0,     0,
       0,     0,    41,    42,    43,    44,    45,    46,    47,     0,
       0,     0,     0,     0,     0,     0,    48,     0,     0,     0,
       0,     0,     0,     0,     0,     0,     0,     0,    49,    50,
      51,     0,     0,     0,     0,     0,     0,    52,    53,     0,
     261,    54,     0,    55,    56,    16,     0,    17,    18,    19,
      20,    21,     0,     0,    22,    23,    24,    25,    26,     0,
      27,    28,    29,    30,    31,    32,     0,     0,     0,     0,
       0,     0,    33,     0,     0,     0,     0,     0,     0,     0,
       0,     0,     0,     0,     0,     0,     0,    34,     0,    35,
      36,    37,    38,    39,    40,     0,     0,     0,     0,    41,
      42,    43,    44,    45,    46,    47,     0,     0,     0,     0,
       0,     0,     0,    48,     0,     0,     0,     0,     0,     0,
       0,     0,     0,     0,     0,    49,    50,    51,     0,     0,
       0,     0,     0,     0,    52,    53,     0,   290,    54,     0,
      55,    56,    16,     0,    17,    18,    19,    20,    21,     0,
       0,    22,    23,    24,    25,    26,     0,    27,    28,    29,
      30,    31,    32,     0,     0,     0,     0,     0,     0,    33,
       0,     0,     0,     0,     0,     0,     0,     0,     0,     0,
       0,     0,     0,     0,    34,     0,    35,    36,    37,    38,
      39,    40,     0,     0,     0,     0,    41,    42,    43,    44,
      45,    46,    47,     0,     0,     0,     0,     0,     0,     0,
      48,     0,     0,     0,     0,     0,     0,     0,     0,     0,
       0,     0,    49,    50,    51,     0,     0,     0,     0,     0,
       0,    52,    53,     0,   357,    54,     0,    55,    56,    16,
       0,    17,    18,    19,    20,    21,     0,     0,    22,    23,
      24,    25,    26,     0,    27,    28,    29,    30,    31,    32,
       0,     0,     0,     0,     0,     0,    33,     0,     0,     0,
       0,     0,     0,     0,     0,     0,     0,     0,     0,     0,
       0,    34,     0,    35,    36,    37,    38,    39,    40,     0,
       0,     0,     0,    41,    42,    43,    44,    45,    46,    47,
       0,     0,     0,     0,     0,     0,     0,    48,     0,     0,
       0,     0,     0,     0,     0,   172,     0,     0,     0,    49,
      50,    51,   173,   174,   175,   176,     0,     0,    52,    53,
       0,     0,    54,     0,    55,    56,     0,     0,     0,     0,
       0,     0,   177,   178,   350,   179,   180,   181,   182,   183,
     184,   185,     0,     0,     0,     0,   186,   187,   188,   189,
     190,   172,     0,   191,     0,     0,     0,     0,   173,   174,
     175,   176,     0,     0,     0,     0,     0,     0,     0,     0,
       0,     0,     0,     0,     0,     0,     0,     0,   177,   178,
       0,   179,   180,   181,   182,   183,   184,   185,     0,     0,
       0,     0,   186,   187,   188,   189,   190,   172,     0,   191,
       0,     0,     0,     0,   173,   174,   175,   176,     0,     0,
       0,     0,     0,     0,     0,     0,     0,     0,     0,     0,
       0,     0,     0,     0,     0,   178,     0,   179,   180,   181,
     182,   183,   184,   185,     0,     0,     0,     0,   186,   187,
     188,   189,   190,     0,     0,   191
};

#define yypact_value_is_default(Yystate) \
  (!!((Yystate) == (-433)))

#define yytable_value_is_error(Yytable_value) \
  (!!((Yytable_value) == (-257)))

static const yytype_int16 yycheck[] =
{
      15,   317,    46,     9,    46,    40,   335,    11,   130,     9,
      16,   425,   119,    48,    10,     9,     0,   317,    23,   319,
     320,    80,   454,    19,    20,    21,     9,    23,    24,    11,
      19,    20,    21,   104,    23,    24,    23,    43,   145,     9,
     104,   104,     9,    39,    40,    41,    42,   104,    54,   108,
      20,    40,    41,    20,     9,    25,    11,    46,    25,    55,
      56,    20,    21,   104,    23,    24,    55,    56,    97,    98,
      99,    80,     9,   102,     9,    20,    15,    16,    17,    12,
      25,    40,    41,    20,   119,    15,    16,   519,    25,    15,
      16,    12,     9,   393,    11,   509,    55,    56,   102,    95,
     105,     9,   137,    92,    70,   105,     9,   436,    11,   231,
     145,   105,    15,    16,    17,    20,   122,   104,    21,    20,
       9,    77,    11,   129,   130,   104,   104,    93,   428,   125,
     430,    70,    46,    47,   130,   464,   106,   107,   104,   106,
     106,   130,   148,    76,    77,    78,     9,   104,    11,   104,
     104,   147,    76,    77,    78,    76,    77,    78,   147,   165,
     166,   167,    65,   169,   170,   171,   210,   106,   210,   106,
     126,   130,   104,     9,   104,    11,   106,     9,   478,    11,
     106,   105,    76,    77,    78,   200,   192,   193,   194,   195,
     196,   197,   198,   199,   494,    12,    48,   232,    12,   105,
     516,   104,   191,   106,   107,    76,    77,    78,   104,   103,
      17,    18,    12,   104,   220,   221,   222,   223,   224,   225,
     216,   210,    12,    30,   104,   231,   333,    34,    12,    76,
      77,    78,    39,   103,   105,    42,   103,   243,    45,   361,
      47,    12,    49,    50,    51,    52,    53,   253,    10,   205,
     206,   207,   208,   209,    72,   211,   103,   213,   214,    76,
      77,    78,    76,    77,    78,    12,    11,    76,    77,    78,
      20,   458,   278,   279,    20,     9,    76,    77,    78,   285,
      76,    77,    78,   470,   471,   104,    76,    77,    78,   306,
     286,   308,    76,    77,    78,   482,   105,   286,   333,   305,
     306,   307,   308,   104,    72,    76,    77,    78,   495,   105,
     497,   317,   103,   319,   320,    10,   423,    76,    77,    78,
     309,    76,    77,    78,    76,    77,    78,   286,   515,    76,
      77,    78,    11,    23,    76,    77,    78,    76,    77,    78,
     346,   337,   386,    11,   386,    78,   105,   303,   103,    42,
      43,    44,    45,   105,   310,   361,    49,    18,    51,   107,
     104,   168,   318,   105,   103,   172,   173,   174,   175,   176,
     177,   178,   179,   180,   181,   182,   183,   184,   185,   107,
     187,   107,   107,    76,    77,    78,   107,   393,   423,    76,
      77,    78,    20,   399,    76,    77,    78,   386,    76,    77,
      78,    61,    62,    63,    64,   106,   104,   422,   104,   103,
     103,    76,    77,    78,    23,   371,   103,   373,    23,    10,
      10,   103,   428,    10,   430,   103,   441,    87,    88,    89,
      90,   387,   447,    10,    10,    95,    96,    97,    98,    99,
      20,   397,   102,   105,   103,    61,    62,    63,    64,     0,
     103,   103,   103,   459,   104,   103,   103,   472,     9,   103,
      11,    12,    95,    96,    97,    98,    99,   463,    23,   102,
       9,   103,   478,    89,    90,    12,   103,    10,   103,    95,
      96,    97,    98,    99,   105,   500,   102,     9,   494,   103,
      74,    42,    43,    44,    45,   105,   511,   103,    49,   103,
      51,   104,   104,    54,     3,     4,     5,     6,     7,     8,
      61,    62,    63,    64,     9,    73,     0,   105,   103,    19,
     103,   103,    12,   102,   516,    76,    77,    78,    12,    80,
      81,    82,    83,    84,    85,    86,    87,    88,    89,    90,
     459,    33,   219,   350,    95,    96,    97,    98,    99,    63,
      64,   102,   103,   100,   105,   396,   437,   108,    42,    43,
      44,    45,   386,    -1,   210,    49,    -1,    51,    -1,    -1,
      54,    -1,    -1,    -1,    -1,    89,    90,    61,    62,    63,
      64,    95,    96,    97,    98,    99,    -1,    -1,   102,    -1,
      -1,    -1,    76,    77,    78,    -1,    80,    81,    82,    83,
      84,    85,    86,    87,    88,    89,    90,    -1,    -1,    -1,
      -1,    95,    96,    97,    98,    99,     0,     1,   102,   103,
      -1,   105,    -1,    -1,   108,     9,    -1,    11,    -1,    13,
      14,    15,    16,    17,    -1,    -1,    20,    21,    22,    23,
      24,    -1,    26,    27,    28,    29,    30,    31,    32,    33,
      34,    35,    36,    37,    38,    39,    40,    41,    42,    43,
      44,    45,    -1,    -1,    63,    49,    50,    51,    52,    53,
      -1,    55,    56,    57,    58,    59,    60,    -1,    -1,    -1,
      -1,    65,    66,    67,    68,    69,    70,    71,    -1,    -1,
      -1,    90,    -1,    -1,    -1,    79,    95,    96,    97,    98,
      99,    -1,    -1,   102,    -1,    -1,    -1,    91,    92,    93,
      -1,    -1,    -1,    -1,    -1,    -1,   100,   101,     0,     1,
     104,   105,   106,   107,    -1,    -1,    -1,     9,    -1,    11,
      -1,    13,    14,    15,    16,    17,    -1,    -1,    20,    21,
      22,    23,    24,    -1,    26,    27,    28,    29,    30,    31,
      32,    33,    34,    35,    36,    37,    38,    39,    40,    41,
      42,    43,    44,    45,    -1,    -1,    -1,    49,    50,    51,
      52,    53,    -1,    55,    56,    57,    58,    59,    60,    -1,
      -1,    -1,    -1,    65,    66,    67,    68,    69,    70,    71,
      -1,    -1,    -1,    90,    -1,    -1,    -1,    79,    95,    96,
      97,    98,    99,    -1,    -1,   102,    -1,    -1,    -1,    91,
      92,    93,    -1,    -1,    -1,    -1,    -1,    -1,   100,   101,
       1,    -1,   104,   105,   106,   107,    -1,    -1,     9,    10,
      11,    -1,    13,    14,    15,    16,    17,    -1,    -1,    20,
      21,    22,    23,    24,    -1,    26,    27,    28,    29,    30,
      31,    32,    33,    34,    35,    36,    37,    38,    39,    40,
      41,    42,    43,    44,    45,    -1,    -1,    -1,    49,    50,
      51,    52,    53,    -1,    55,    56,    57,    58,    59,    60,
      -1,    -1,    -1,    -1,    65,    66,    67,    68,    69,    70,
      71,    -1,    -1,    -1,    -1,    -1,    -1,    -1,    79,    -1,
      -1,    -1,    -1,    -1,    -1,    -1,    -1,    -1,    -1,    -1,
      91,    92,    93,    -1,    -1,    -1,    -1,    -1,    -1,   100,
     101,     1,    -1,   104,   105,   106,   107,    -1,    -1,     9,
      10,    11,    -1,    13,    14,    15,    16,    17,    -1,    -1,
      20,    21,    22,    23,    24,    -1,    26,    27,    28,    29,
      30,    31,    32,    33,    34,    35,    36,    37,    38,    39,
      40,    41,    42,    43,    44,    45,    -1,    -1,    -1,    49,
      50,    51,    52,    53,    -1,    55,    56,    57,    58,    59,
      60,    -1,    -1,    -1,    -1,    65,    66,    67,    68,    69,
      70,    71,    -1,    -1,    -1,    -1,    -1,    -1,    -1,    79,
      -1,    -1,    -1,    -1,    -1,    -1,    -1,    -1,    -1,    -1,
      -1,    91,    92,    93,    -1,    -1,    -1,    -1,    -1,    -1,
     100,   101,     1,    -1,   104,   105,   106,   107,    -1,    -1,
       9,    10,    11,    -1,    13,    14,    15,    16,    17,    -1,
      -1,    20,    21,    22,    23,    24,    -1,    26,    27,    28,
      29,    30,    31,    32,    33,    34,    35,    36,    37,    38,
      39,    40,    41,    42,    43,    44,    45,    -1,    -1,    -1,
      49,    50,    51,    52,    53,    -1,    55,    56,    57,    58,
      59,    60,    -1,    -1,    -1,    -1,    65,    66,    67,    68,
      69,    70,    71,    -1,    -1,    -1,    -1,    -1,    -1,    -1,
      79,    -1,    -1,    -1,    -1,    -1,    -1,    -1,    -1,    -1,
      -1,    -1,    91,    92,    93,    -1,    -1,    -1,    -1,    -1,
      -1,   100,   101,     1,    -1,   104,   105,   106,   107,    -1,
      -1,     9,    10,    11,    -1,    13,    14,    15,    16,    17,
      -1,    -1,    20,    21,    22,    23,    24,    -1,    26,    27,
      28,    29,    30,    31,    32,    33,    34,    35,    36,    37,
      38,    39,    40,    41,    42,    43,    44,    45,    -1,    -1,
      -1,    49,    50,    51,    52,    53,    -1,    55,    56,    57,
      58,    59,    60,    -1,    -1,    -1,    -1,    65,    66,    67,
      68,    69,    70,    71,    -1,    -1,    -1,    -1,    -1,    -1,
      -1,    79,    -1,    -1,    -1,    -1,    -1,    -1,    -1,    -1,
      -1,    -1,    -1,    91,    92,    93,    -1,    -1,    -1,    -1,
      -1,    -1,   100,   101,     1,    -1,   104,   105,   106,   107,
      -1,    -1,     9,    10,    11,    -1,    13,    14,    15,    16,
      17,    -1,    -1,    20,    21,    22,    23,    24,    -1,    26,
      27,    28,    29,    30,    31,    32,    33,    34,    35,    36,
      37,    38,    39,    40,    41,    42,    43,    44,    45,    -1,
      -1,    -1,    49,    50,    51,    52,    53,    -1,    55,    56,
      57,    58,    59,    60,    -1,    -1,    -1,    -1,    65,    66,
      67,    68,    69,    70,    71,    -1,    -1,    -1,    -1,    -1,
      -1,    -1,    79,    -1,    -1,    -1,    -1,    -1,    -1,    -1,
      -1,    -1,    -1,    -1,    91,    92,    93,    -1,    -1,    -1,
      -1,    -1,    -1,   100,   101,     1,    -1,   104,   105,   106,
     107,    -1,    -1,     9,    10,    11,    -1,    13,    14,    15,
      16,    17,    -1,    -1,    20,    21,    22,    23,    24,    -1,
      26,    27,    28,    29,    30,    31,    32,    33,    34,    35,
      36,    37,    38,    39,    40,    41,    42,    43,    44,    45,
      -1,    -1,    -1,    49,    50,    51,    52,    53,    -1,    55,
      56,    57,    58,    59,    60,    -1,    -1,    -1,    -1,    65,
      66,    67,    68,    69,    70,    71,    -1,    -1,    -1,    -1,
      -1,    -1,    -1,    79,    -1,    -1,    -1,    -1,    -1,    -1,
      -1,    -1,    -1,    -1,    -1,    91,    92,    93,    -1,    -1,
      -1,    -1,    -1,    -1,   100,   101,     1,    -1,   104,   105,
     106,   107,    -1,    -1,     9,    -1,    11,    -1,    13,    14,
      15,    16,    17,    -1,    -1,    20,    21,    22,    23,    24,
      -1,    26,    27,    28,    29,    30,    31,    32,    33,    34,
      35,    36,    37,    38,    39,    40,    41,    42,    43,    44,
      45,    -1,    -1,    -1,    49,    50,    51,    52,    53,    -1,
      55,    56,    57,    58,    59,    60,    -1,    -1,    -1,    -1,
      65,    66,    67,    68,    69,    70,    71,    -1,    -1,    74,
      -1,    -1,    -1,    -1,    79,    -1,    -1,    -1,    -1,    -1,
      -1,    -1,    -1,    -1,    -1,    -1,    91,    92,    93,    -1,
      -1,    -1,    -1,    -1,    -1,   100,   101,     1,    -1,   104,
     105,   106,   107,    -1,    -1,     9,    -1,    11,    -1,    13,
      14,    15,    16,    17,    -1,    -1,    20,    21,    22,    23,
      24,    -1,    26,    27,    28,    29,    30,    31,    32,    33,
      34,    35,    36,    37,    38,    39,    40,    41,    42,    43,
      44,    45,    -1,    -1,    -1,    49,    50,    51,    52,    53,
      -1,    55,    56,    57,    58,    59,    60,    -1,    -1,    -1,
      -1,    65,    66,    67,    68,    69,    70,    71,    -1,    -1,
      -1,    -1,    -1,    -1,    -1,    79,    -1,    -1,    -1,    -1,
      -1,    -1,    -1,    -1,    -1,    -1,    -1,    91,    92,    93,
      -1,    -1,    -1,    -1,    -1,    -1,   100,   101,     1,    -1,
     104,   105,   106,   107,    -1,    -1,     9,    -1,    11,    -1,
      13,    14,    15,    16,    17,    -1,    -1,    20,    21,    22,
      23,    24,    -1,    26,    27,    28,    29,    30,    31,    32,
      -1,    34,    35,    36,    37,    38,    39,    40,    41,    42,
      43,    44,    45,    -1,    -1,    -1,    49,    50,    51,    52,
      53,    -1,    55,    56,    57,    58,    59,    60,    -1,    -1,
      -1,    -1,    65,    66,    67,    68,    69,    70,    71,    -1,
      -1,    -1,    -1,    -1,    -1,    -1,    79,    -1,    -1,    -1,
      -1,    -1,    -1,    -1,    -1,    -1,    -1,    -1,    91,    92,
      93,    -1,    -1,    -1,    -1,     1,    -1,   100,   101,    -1,
      -1,   104,   105,   106,   107,    11,    -1,    13,    14,    15,
      16,    17,    -1,    -1,    20,    21,    22,    23,    24,    -1,
      26,    27,    28,    29,    30,    31,    -1,    -1,    -1,    -1,
      -1,    -1,    38,    -1,    -1,    -1,    54,    -1,    -1,    -1,
      -1,    -1,    -1,    61,    62,    63,    64,    53,    -1,    55,
      56,    57,    58,    59,    60,    -1,    -1,    -1,    -1,    65,
      66,    67,    68,    69,    70,    71,    84,    85,    86,    87,
      88,    89,    90,    79,    -1,    -1,    -1,    95,    96,    97,
      98,    99,    -1,    -1,   102,    91,    92,    93,    -1,    -1,
      -1,    -1,     1,    -1,   100,   101,    -1,    -1,   104,   105,
     106,   107,    11,    -1,    13,    14,    15,    16,    17,    -1,
      -1,    20,    21,    22,    23,    24,    -1,    26,    27,    28,
      29,    30,    31,    -1,    -1,    -1,    -1,    -1,    -1,    38,
      -1,    -1,    -1,    -1,    -1,    -1,    -1,    -1,    61,    62,
      63,    64,    -1,    -1,    53,    -1,    55,    56,    57,    58,
      59,    60,    -1,    -1,    -1,    -1,    65,    66,    67,    68,
      69,    70,    71,    86,    87,    88,    89,    90,    -1,    -1,
      79,    -1,    95,    96,    97,    98,    99,    -1,    -1,   102,
      -1,    -1,    91,    92,    93,    -1,    -1,    -1,    -1,    -1,
      -1,   100,   101,    -1,   103,   104,    -1,   106,   107,     9,
      -1,    11,    -1,    13,    14,    15,    16,    17,    -1,    -1,
      20,    21,    22,    23,    24,    25,    26,    27,    28,    29,
      30,    31,    -1,    -1,    -1,    -1,    -1,    -1,    38,    -1,
      -1,    -1,    -1,    -1,    -1,    -1,    61,    62,    63,    64,
      -1,    -1,    -1,    53,    -1,    55,    56,    57,    58,    59,
      60,    -1,    -1,    -1,    -1,    65,    66,    67,    68,    69,
      70,    71,    -1,    88,    89,    90,    -1,    -1,    -1,    79,
      95,    96,    97,    98,    99,    -1,    -1,   102,    -1,    -1,
      -1,    91,    92,    93,    -1,    -1,    -1,    -1,    -1,    -1,
     100,   101,    -1,    -1,   104,    -1,   106,   107,     9,    -1,
      11,    -1,    13,    14,    15,    16,    17,    -1,    -1,    20,
      21,    22,    23,    24,    -1,    26,    27,    28,    29,    30,
      31,    -1,    -1,    -1,    -1,    -1,    -1,    38,    -1,    -1,
      -1,    -1,    -1,    -1,    -1,    61,    62,    63,    64,    -1,
      -1,    -1,    53,    -1,    55,    56,    57,    58,    59,    60,
      -1,    -1,    -1,    -1,    65,    66,    67,    68,    69,    70,
      71,    -1,    -1,    89,    90,    63,    64,    -1,    79,    95,
      96,    97,    98,    99,    -1,    -1,   102,    -1,    -1,   427,
      91,    92,    93,   431,    -1,    -1,   434,   435,    -1,   100,
     101,    -1,    90,   104,    -1,   106,   107,    95,    96,    97,
      98,    99,   450,   451,   102,    -1,    -1,    -1,    -1,    -1,
      -1,    -1,   460,    -1,    -1,    -1,    -1,    -1,    -1,    -1,
      -1,    42,    43,    44,    45,   473,    -1,    -1,    49,   477,
      51,   479,    -1,    11,    12,    13,    14,    15,    16,    17,
      -1,    -1,    20,    21,    22,    23,    24,    -1,    26,    27,
      28,    29,    30,    31,    -1,    76,    77,    78,    -1,   507,
      38,    -1,    -1,    -1,    -1,    -1,   514,    -1,    61,    -1,
      63,    64,    -1,    -1,    -1,    53,   524,    55,    56,    57,
      58,    59,    60,    -1,    -1,    -1,    -1,    65,    66,    67,
      68,    69,    70,    71,    -1,    -1,    89,    90,    -1,    -1,
      -1,    79,    95,    96,    97,    98,    99,    -1,    -1,   102,
      -1,    -1,    -1,    91,    92,    93,    -1,    -1,    -1,    -1,
      -1,    -1,   100,   101,    -1,    -1,   104,    -1,   106,   107,
      11,    -1,    13,    14,    15,    16,    17,    -1,    -1,    20,
      21,    22,    23,    24,    -1,    26,    27,    28,    29,    30,
      31,    -1,    -1,    -1,    -1,    -1,    -1,    38,    -1,    -1,
      -1,    -1,    -1,    -1,    -1,    -1,    -1,    -1,    -1,    -1,
      -1,    -1,    53,    -1,    55,    56,    57,    58,    59,    60,
      -1,    -1,    -1,    -1,    65,    66,    67,    68,    69,    70,
      71,    -1,    -1,    -1,    -1,    -1,    -1,    -1,    79,    -1,
      -1,    -1,    -1,    -1,    -1,    -1,    -1,    -1,    -1,    -1,
      91,    92,    93,    -1,    -1,    -1,    -1,    -1,    -1,   100,
     101,    -1,    -1,   104,   105,   106,   107,    11,    -1,    13,
      14,    15,    16,    17,    -1,    -1,    20,    21,    22,    23,
      24,    -1,    26,    27,    28,    29,    30,    31,    -1,    -1,
      -1,    -1,    -1,    -1,    38,    -1,    -1,    -1,    -1,    -1,
      -1,    -1,    -1,    -1,    -1,    -1,    -1,    -1,    -1,    53,
      -1,    55,    56,    57,    58,    59,    60,    -1,    -1,    -1,
      -1,    65,    66,    67,    68,    69,    70,    71,    -1,    -1,
      -1,    -1,    -1,    -1,    -1,    79,    -1,    -1,    -1,    -1,
      -1,    -1,    -1,    -1,    -1,    -1,    -1,    91,    92,    93,
      -1,    -1,    -1,    -1,    -1,    -1,   100,   101,    -1,   103,
     104,    -1,   106,   107,    11,    -1,    13,    14,    15,    16,
      17,    -1,    -1,    20,    21,    22,    23,    24,    -1,    26,
      27,    28,    29,    30,    31,    -1,    -1,    -1,    -1,    -1,
      -1,    38,    -1,    -1,    -1,    -1,    -1,    -1,    -1,    -1,
      -1,    -1,    -1,    -1,    -1,    -1,    53,    -1,    55,    56,
      57,    58,    59,    60,    -1,    -1,    -1,    -1,    65,    66,
      67,    68,    69,    70,    71,    -1,    -1,    -1,    -1,    -1,
      -1,    -1,    79,    -1,    -1,    -1,    -1,    -1,    -1,    -1,
      -1,    -1,    -1,    -1,    91,    92,    93,    -1,    -1,    -1,
      -1,    -1,    -1,   100,   101,    -1,   103,   104,    -1,   106,
     107,    11,    -1,    13,    14,    15,    16,    17,    -1,    -1,
      20,    21,    22,    23,    24,    -1,    26,    27,    28,    29,
      30,    31,    -1,    -1,    -1,    -1,    -1,    -1,    38,    -1,
      -1,    -1,    -1,    -1,    -1,    -1,    -1,    -1,    -1,    -1,
      -1,    -1,    -1,    53,    -1,    55,    56,    57,    58,    59,
      60,    -1,    -1,    -1,    -1,    65,    66,    67,    68,    69,
      70,    71,    -1,    -1,    -1,    -1,    -1,    -1,    -1,    79,
      -1,    -1,    -1,    -1,    -1,    -1,    -1,    -1,    -1,    -1,
      -1,    91,    92,    93,    -1,    -1,    -1,    -1,    -1,    -1,
     100,   101,    -1,   103,   104,    -1,   106,   107,    11,    -1,
      13,    14,    15,    16,    17,    -1,    -1,    20,    21,    22,
      23,    24,    -1,    26,    27,    28,    29,    30,    31,    -1,
      -1,    -1,    -1,    -1,    -1,    38,    -1,    -1,    -1,    -1,
      -1,    -1,    -1,    -1,    -1,    -1,    -1,    -1,    -1,    -1,
      53,    -1,    55,    56,    57,    58,    59,    60,    -1,    -1,
      -1,    -1,    65,    66,    67,    68,    69,    70,    71,    -1,
      -1,    -1,    -1,    -1,    -1,    -1,    79,    -1,    -1,    -1,
      -1,    -1,    -1,    -1,    -1,    -1,    -1,    -1,    91,    92,
      93,    -1,    -1,    -1,    -1,    -1,    -1,   100,   101,    -1,
     103,   104,    -1,   106,   107,    11,    -1,    13,    14,    15,
      16,    17,    -1,    -1,    20,    21,    22,    23,    24,    -1,
      26,    27,    28,    29,    30,    31,    -1,    -1,    -1,    -1,
      -1,    -1,    38,    -1,    -1,    -1,    -1,    -1,    -1,    -1,
      -1,    -1,    -1,    -1,    -1,    -1,    -1,    53,    -1,    55,
      56,    57,    58,    59,    60,    -1,    -1,    -1,    -1,    65,
      66,    67,    68,    69,    70,    71,    -1,    -1,    -1,    -1,
      -1,    -1,    -1,    79,    -1,    -1,    -1,    -1,    -1,    -1,
      -1,    -1,    -1,    -1,    -1,    91,    92,    93,    -1,    -1,
      -1,    -1,    -1,    -1,   100,   101,    -1,   103,   104,    -1,
     106,   107,    11,    -1,    13,    14,    15,    16,    17,    -1,
      -1,    20,    21,    22,    23,    24,    -1,    26,    27,    28,
      29,    30,    31,    -1,    -1,    -1,    -1,    -1,    -1,    38,
      -1,    -1,    -1,    -1,    -1,    -1,    -1,    -1,    -1,    -1,
      -1,    -1,    -1,    -1,    53,    -1,    55,    56,    57,    58,
      59,    60,    -1,    -1,    -1,    -1,    65,    66,    67,    68,
      69,    70,    71,    -1,    -1,    -1,    -1,    -1,    -1,    -1,
      79,    -1,    -1,    -1,    -1,    -1,    -1,    -1,    -1,    -1,
      -1,    -1,    91,    92,    93,    -1,    -1,    -1,    -1,    -1,
      -1,   100,   101,    -1,   103,   104,    -1,   106,   107,    11,
      -1,    13,    14,    15,    16,    17,    -1,    -1,    20,    21,
      22,    23,    24,    -1,    26,    27,    28,    29,    30,    31,
      -1,    -1,    -1,    -1,    -1,    -1,    38,    -1,    -1,    -1,
      -1,    -1,    -1,    -1,    -1,    -1,    -1,    -1,    -1,    -1,
      -1,    53,    -1,    55,    56,    57,    58,    59,    60,    -1,
      -1,    -1,    -1,    65,    66,    67,    68,    69,    70,    71,
      -1,    -1,    -1,    -1,    -1,    -1,    -1,    79,    -1,    -1,
      -1,    -1,    -1,    -1,    -1,    54,    -1,    -1,    -1,    91,
      92,    93,    61,    62,    63,    64,    -1,    -1,   100,   101,
      -1,    -1,   104,    -1,   106,   107,    -1,    -1,    -1,    -1,
      -1,    -1,    81,    82,    83,    84,    85,    86,    87,    88,
      89,    90,    -1,    -1,    -1,    -1,    95,    96,    97,    98,
      99,    54,    -1,   102,    -1,    -1,    -1,    -1,    61,    62,
      63,    64,    -1,    -1,    -1,    -1,    -1,    -1,    -1,    -1,
      -1,    -1,    -1,    -1,    -1,    -1,    -1,    -1,    81,    82,
      -1,    84,    85,    86,    87,    88,    89,    90,    -1,    -1,
      -1,    -1,    95,    96,    97,    98,    99,    54,    -1,   102,
      -1,    -1,    -1,    -1,    61,    62,    63,    64,    -1,    -1,
      -1,    -1,    -1,    -1,    -1,    -1,    -1,    -1,    -1,    -1,
      -1,    -1,    -1,    -1,    -1,    82,    -1,    84,    85,    86,
      87,    88,    89,    90,    -1,    -1,    -1,    -1,    95,    96,
      97,    98,    99,    -1,    -1,   102
};

/* YYSTOS[STATE-NUM] -- The (internal number of the) accessing
   symbol of state STATE-NUM.  */
static const yytype_uint8 yystos[] =
{
       0,     3,     4,     5,     6,     7,     8,   110,   111,   112,
     113,   114,   115,   116,     0,   119,    11,    13,    14,    15,
      16,    17,    20,    21,    22,    23,    24,    26,    27,    28,
      29,    30,    31,    38,    53,    55,    56,    57,    58,    59,
      60,    65,    66,    67,    68,    69,    70,    71,    79,    91,
      92,    93,   100,   101,   104,   106,   107,   159,   160,   161,
     164,   165,   166,   167,   168,   169,   171,   174,   179,   180,
     181,   183,   184,   185,   186,   187,   188,     9,   117,     1,
      32,    34,    35,    36,    37,    39,    40,    41,    42,    43,
      44,    45,    49,    50,    51,    52,   105,   117,   126,   137,
     148,   159,    33,   124,   125,   126,   122,   122,    12,   159,
     169,   169,    20,    25,   117,   180,   189,   189,   189,   189,
     189,   170,    11,   104,   169,   150,   150,   169,   104,   104,
     104,   117,   169,    20,   160,   173,   180,   189,   189,   117,
     169,   105,   159,    20,    25,   152,   169,    15,   104,   172,
     180,   181,   182,   183,   169,   160,   169,   169,   169,   169,
     169,   103,   159,   189,   189,    76,    77,    78,    80,     9,
      11,   104,    54,    61,    62,    63,    64,    81,    82,    84,
      85,    86,    87,    88,    89,    90,    95,    96,    97,    98,
      99,   102,   104,     9,    11,     9,    11,     9,    11,     9,
     119,   151,    20,    20,   149,   104,   104,   104,   104,    70,
      93,   104,   180,   104,   104,   117,    48,   139,   105,   152,
      42,    43,    44,    45,    49,    51,   125,   126,   124,    12,
     173,   104,   104,   159,   103,   117,    23,   119,   153,   103,
     103,   159,   174,   189,   160,    10,   105,   173,    25,   103,
     159,    72,   155,    11,   103,   159,   159,   159,   169,   159,
     159,   103,   159,   169,   169,   169,   169,   169,   169,   169,
     169,   169,   169,   169,   169,   169,   169,   169,     9,    11,
      15,    16,    17,    21,    65,   104,   106,   107,   163,   180,
     103,   159,   159,   159,   159,   159,   159,   159,   159,   122,
      20,   147,    20,     9,   129,   119,   119,   119,   119,   119,
      70,   177,   178,   179,   180,   181,   183,   119,   104,   119,
     119,   117,   149,   159,   143,   159,   159,   159,   159,   159,
     174,   160,    12,   162,   104,   156,    72,   154,   103,   103,
     159,    10,    11,   103,    23,   159,    11,   105,    12,   103,
      83,   159,   159,   107,   107,   107,   107,   103,   159,   107,
     107,   104,   103,   105,    12,   105,    12,   105,    12,   105,
      10,    18,   118,     9,   105,   119,    20,   142,   159,   143,
     144,   159,   143,   146,   176,   180,   119,   104,   137,   141,
     144,   145,   159,   119,   144,   144,   127,   128,   103,   108,
     175,   173,   157,   154,    23,   117,   103,    23,    12,   159,
      10,   169,   105,    12,   103,   174,    10,    10,    10,    10,
     119,   119,   134,    20,   103,   103,   103,   103,   104,   177,
     119,   103,   105,   144,   103,   103,   153,   119,   159,   103,
     103,     9,    12,    12,    10,   103,   105,   133,   122,   173,
     140,   140,     9,   120,   120,   144,   132,   144,   120,   130,
     103,   120,   120,   154,   156,   122,    74,   122,    10,   105,
     120,   120,   121,    46,    47,   138,   138,   103,   104,   103,
     139,   142,   120,   105,   117,   158,   154,    10,   123,    10,
     139,   139,   122,   120,   104,   120,   144,   120,   105,   139,
       9,    23,   105,   135,    10,   144,   139,   103,   139,   131,
     122,    73,   136,    19,   103,   120,   140,    10,   122,   120,
     139,   145,    74,   138,   103,   120
};

typedef enum {
	toketype_ival, toketype_opval, toketype_pval
} toketypes;

/* type of each token/terminal */
static const toketypes yy_type_tab[] =
{
  toketype_ival, toketype_ival, toketype_ival, toketype_ival, toketype_ival, toketype_ival,
  toketype_ival, toketype_ival, toketype_ival, toketype_ival, toketype_ival, toketype_ival,
  toketype_ival, toketype_ival, toketype_ival, toketype_ival, toketype_ival, toketype_ival, toketype_ival, toketype_ival, toketype_opval, toketype_opval,
  toketype_opval, toketype_opval, toketype_opval, toketype_opval, toketype_opval, toketype_opval,
  toketype_opval, toketype_opval, toketype_opval, toketype_opval, toketype_opval, toketype_pval,
  toketype_ival, toketype_ival, toketype_ival, toketype_ival, toketype_ival, toketype_ival, toketype_ival,
  toketype_ival, toketype_ival, toketype_ival, toketype_ival, toketype_ival, toketype_ival, toketype_ival, toketype_ival,
  toketype_ival, toketype_ival, toketype_ival, toketype_ival, toketype_ival, toketype_ival, toketype_ival,
  toketype_ival, toketype_ival, toketype_ival, toketype_ival, toketype_ival, toketype_ival, toketype_ival, toketype_ival,
  toketype_ival, toketype_ival, toketype_ival, toketype_ival, toketype_ival, toketype_ival, toketype_ival,
  toketype_ival, toketype_ival, toketype_ival, toketype_ival, toketype_ival, toketype_ival,
  toketype_ival, toketype_ival, toketype_ival, toketype_ival, toketype_ival, toketype_ival, toketype_ival, toketype_ival,
  toketype_ival, toketype_ival, toketype_ival, toketype_ival, toketype_ival, toketype_ival, toketype_ival,
  toketype_ival, toketype_ival, toketype_ival, toketype_ival, toketype_ival, toketype_ival, toketype_ival,
  toketype_ival, toketype_ival, toketype_ival, toketype_ival, toketype_ival, toketype_ival, toketype_ival, toketype_ival,
  toketype_ival, toketype_ival, toketype_ival, toketype_ival, toketype_ival, toketype_ival, toketype_ival, toketype_ival, toketype_ival,
  toketype_ival, toketype_opval, toketype_opval, toketype_ival, toketype_opval, toketype_ival,
  toketype_opval, toketype_opval, toketype_opval, toketype_opval, toketype_opval, toketype_ival,
  toketype_ival, toketype_ival, toketype_ival, toketype_ival, toketype_ival, toketype_ival, toketype_ival, toketype_opval,
  toketype_opval, toketype_opval, toketype_opval, toketype_opval, toketype_ival, toketype_opval, toketype_opval, toketype_opval,
  toketype_opval, toketype_opval, toketype_opval, toketype_opval, toketype_ival, toketype_ival,
  toketype_ival, toketype_ival, toketype_opval, toketype_opval, toketype_opval,
  toketype_opval, toketype_opval, toketype_ival, toketype_opval, toketype_opval, toketype_opval,
  toketype_opval, toketype_ival, toketype_opval, toketype_opval, toketype_opval, toketype_opval,
  toketype_opval, toketype_opval, toketype_opval, toketype_ival, toketype_opval, toketype_opval,
  toketype_opval, toketype_opval, toketype_opval, toketype_opval, toketype_opval,
  toketype_opval, toketype_opval, toketype_opval, toketype_opval, toketype_opval, toketype_opval, toketype_opval,
  toketype_opval, toketype_opval, toketype_opval, toketype_opval, toketype_opval
};

/* Generated from:
 * 9ccfb0b2b015863cc68cd7cae9b69d034c05c92cf6ac0c48edebabbda28d48be perly.y
 * 2feea80485f43aef8b803623b1cb0092c6af61dc8325bbfc76da01497554b62a regen_perly.pl
 * ex: set ro: */
