/* ex: set ro ft=c: -*- buffer-read-only: t -*-
   !!!!!!!   DO NOT EDIT THIS FILE   !!!!!!!
   This file is built by regen_perly.pl from perly.y.
   Any changes made here will be lost!
 */

#define YYFINAL  14
/* YYLAST -- Last index in YYTABLE.  */
#define YYLAST   2965

/* YYNTOKENS -- Number of terminals.  */
#define YYNTOKENS  106
/* YYNNTS -- Number of nonterminals.  */
#define YYNNTS  81
/* YYNRULES -- Number of rules.  */
#define YYNRULES  259
/* YYNRULES -- Number of states.  */
#define YYNSTATES  521

/* YYTRANSLATE(YYLEX) -- Bison symbol number corresponding to YYLEX.  */
#define YYUNDEFTOK  2
#define YYMAXUTOK   338

#define YYTRANSLATE(YYX)						\
  ((unsigned int) (YYX) <= YYMAXUTOK ? yytranslate[YYX] : YYUNDEFTOK)

/* YYTRANSLATE[YYLEX] -- Bison symbol number corresponding to YYLEX.  */
static const yytype_uint8 yytranslate[] =
{
       0,     2,     2,     2,     2,     2,     2,     2,     2,     2,
       2,     2,     2,     2,     2,     2,     2,     2,     2,     2,
       2,     2,     2,     2,     2,     2,     2,     2,     2,     2,
       2,     2,     2,    88,     2,     2,   103,    16,    17,     2,
     101,   100,   104,    14,    77,    13,    19,   105,     2,     2,
       2,     2,     2,     2,     2,     2,     2,     2,    80,   102,
       2,    18,     2,    79,    15,     2,     2,     2,     2,     2,
       2,     2,     2,     2,     2,     2,     2,     2,     2,     2,
       2,     2,     2,     2,     2,     2,     2,     2,     2,     2,
       2,    11,     2,    12,     2,     2,     2,     2,     2,     2,
       2,     2,     2,     2,     2,     2,     2,     2,     2,     2,
       2,     2,     2,     2,     2,     2,     2,     2,     2,     2,
       2,     2,     2,     9,     2,    10,    89,     2,     2,     2,
       2,     2,     2,     2,     2,     2,     2,     2,     2,     2,
       2,     2,     2,     2,     2,     2,     2,     2,     2,     2,
       2,     2,     2,     2,     2,     2,     2,     2,     2,     2,
       2,     2,     2,     2,     2,     2,     2,     2,     2,     2,
       2,     2,     2,     2,     2,     2,     2,     2,     2,     2,
       2,     2,     2,     2,     2,     2,     2,     2,     2,     2,
       2,     2,     2,     2,     2,     2,     2,     2,     2,     2,
       2,     2,     2,     2,     2,     2,     2,     2,     2,     2,
       2,     2,     2,     2,     2,     2,     2,     2,     2,     2,
       2,     2,     2,     2,     2,     2,     2,     2,     2,     2,
       2,     2,     2,     2,     2,     2,     2,     2,     2,     2,
       2,     2,     2,     2,     2,     2,     2,     2,     2,     2,
       2,     2,     2,     2,     2,     2,     1,     2,     3,     4,
       5,     6,     7,     8,    20,    21,    22,    23,    24,    25,
      26,    27,    28,    29,    30,    31,    32,    33,    34,    35,
      36,    37,    38,    39,    40,    41,    42,    43,    44,    45,
      46,    47,    48,    49,    50,    51,    52,    53,    54,    55,
      56,    57,    58,    59,    60,    61,    62,    63,    64,    65,
      66,    67,    68,    69,    70,    71,    72,    73,    74,    75,
      76,    78,    81,    82,    83,    84,    85,    86,    87,    90,
      91,    92,    93,    94,    95,    96,    97,    98,    99
};

#if YYDEBUG
/* YYPRHS[YYN] -- Index of the first RHS symbol of rule number YYN in
   YYRHS.  */
static const yytype_uint16 yyprhs[] =
{
       0,     0,     3,     4,     9,    10,    14,    15,    19,    20,
      24,    25,    29,    30,    34,    39,    47,    48,    53,    54,
      55,    58,    59,    62,    64,    66,    69,    72,    74,    79,
      80,    88,    89,   100,   105,   106,   114,   122,   130,   137,
     144,   147,   156,   165,   166,   167,   181,   191,   200,   201,
     213,   223,   231,   234,   235,   244,   247,   249,   252,   253,
     257,   259,   261,   265,   269,   273,   277,   281,   285,   286,
     289,   296,   297,   300,   301,   302,   304,   305,   307,   309,
     311,   313,   315,   317,   318,   319,   320,   321,   323,   325,
     326,   328,   329,   332,   334,   337,   339,   340,   344,   346,
     348,   352,   356,   360,   362,   365,   369,   371,   375,   381,
     388,   392,   396,   402,   405,   410,   411,   417,   419,   421,
     427,   432,   438,   443,   449,   456,   462,   467,   473,   478,
     482,   489,   494,   500,   504,   508,   512,   516,   520,   524,
     528,   532,   536,   540,   544,   548,   552,   556,   559,   562,
     565,   568,   571,   574,   577,   580,   583,   586,   590,   593,
     598,   602,   608,   617,   620,   623,   625,   627,   629,   631,
     637,   640,   642,   645,   649,   651,   654,   656,   658,   660,
     662,   664,   666,   671,   676,   682,   688,   690,   692,   696,
     701,   705,   710,   715,   720,   725,   730,   732,   735,   738,
     740,   743,   746,   748,   751,   753,   756,   758,   762,   764,
     768,   770,   774,   779,   780,   787,   789,   791,   793,   795,
     799,   802,   806,   809,   811,   813,   815,   817,   818,   820,
     821,   823,   824,   827,   829,   830,   834,   836,   838,   840,
     842,   844,   846,   849,   852,   855,   861,   864,   867,   872,
     875,   877,   881,   883,   887,   889,   893,   895,   897,   899
};

/* YYRHS -- A `-1'-separated list of the rules' RHS.  */
static const yytype_int16 yyrhs[] =
{
     107,     0,    -1,    -1,     3,   108,   116,   119,    -1,    -1,
       4,   109,   169,    -1,    -1,     5,   110,   114,    -1,    -1,
       6,   111,   123,    -1,    -1,     7,   112,   121,    -1,    -1,
       8,   113,   119,    -1,     9,   116,   119,    10,    -1,    18,
     116,   102,    71,   120,   102,    19,    -1,    -1,     9,   118,
     119,    10,    -1,    -1,    -1,   119,   121,    -1,    -1,   120,
     131,    -1,   123,    -1,   122,    -1,    33,   123,    -1,    33,
     122,    -1,    32,    -1,    34,   146,   143,   115,    -1,    -1,
      35,   147,   144,   124,   148,   149,   153,    -1,    -1,    35,
     147,   144,   125,   116,   151,   149,     9,   119,    10,    -1,
      37,    20,    20,   102,    -1,    -1,    38,   144,   126,    20,
      20,   168,   102,    -1,    41,   101,   116,   140,   100,   117,
     134,    -1,    42,   101,   116,   142,   100,   117,   134,    -1,
      47,   101,   116,   140,   100,   117,    -1,    48,   101,   116,
     140,   100,   117,    -1,    49,   114,    -1,    39,   101,   116,
     138,   100,   136,   117,   135,    -1,    40,   101,   116,   139,
     100,   136,   117,   135,    -1,    -1,    -1,    46,   101,   116,
     141,   102,   127,   138,   102,   128,   136,   141,   100,   117,
      -1,    46,    67,   116,   173,   171,   140,   100,   117,   135,
      -1,    46,   177,   171,   116,   140,   100,   117,   135,    -1,
      -1,    46,    90,    67,   116,   174,   129,   171,   140,   100,
     117,   135,    -1,    46,    90,   175,   171,   116,   140,   100,
     117,   135,    -1,    46,   171,   116,   140,   100,   117,   135,
      -1,   114,   135,    -1,    -1,    37,    20,    20,     9,   116,
     130,   119,    10,    -1,   133,   102,    -1,   102,    -1,    23,
     132,    -1,    -1,    70,   119,    71,    -1,     1,    -1,   154,
      -1,   154,    41,   154,    -1,   154,    42,   154,    -1,   154,
      39,   154,    -1,   154,    40,   139,    -1,   154,    46,   154,
      -1,   154,    48,   154,    -1,    -1,    43,   117,    -1,    44,
     101,   140,   100,   117,   134,    -1,    -1,    45,   114,    -1,
      -1,    -1,   133,    -1,    -1,   154,    -1,   154,    -1,   154,
      -1,   137,    -1,   139,    -1,    20,    -1,    -1,    -1,    -1,
      -1,    20,    -1,    25,    -1,    -1,    23,    -1,    -1,    69,
      23,    -1,    69,    -1,    69,    23,    -1,    69,    -1,    -1,
     101,   152,   100,    -1,   114,    -1,   102,    -1,   154,    75,
     154,    -1,   154,    74,   154,    -1,   154,    73,   154,    -1,
     155,    -1,   155,    77,    -1,   155,    77,   164,    -1,   164,
      -1,    57,   186,   155,    -1,    55,   101,   186,   154,   100,
      -1,   164,    99,   158,   101,   169,   100,    -1,   164,    99,
     158,    -1,    21,   186,   168,    -1,    22,   186,   101,   169,
     100,    -1,    57,   168,    -1,    55,   101,   169,   100,    -1,
      -1,    30,   145,   114,   157,   168,    -1,    21,    -1,   177,
      -1,   185,     9,   154,   102,    10,    -1,   177,    11,   154,
      12,    -1,   164,    99,    11,   154,    12,    -1,   159,    11,
     154,    12,    -1,   177,     9,   154,   102,    10,    -1,   164,
      99,     9,   154,   102,    10,    -1,   159,     9,   154,   102,
      10,    -1,   164,    99,   101,   100,    -1,   164,    99,   101,
     154,   100,    -1,   159,   101,   154,   100,    -1,   159,   101,
     100,    -1,   101,   154,   100,    11,   154,    12,    -1,    26,
      11,   154,    12,    -1,   101,   100,    11,   154,    12,    -1,
     164,    78,   164,    -1,   164,    93,   164,    -1,   164,    60,
     164,    -1,   164,    61,   164,    -1,   164,    86,   164,    -1,
     164,    58,   164,    -1,   164,    59,   164,    -1,   164,    85,
     164,    -1,   164,    84,   164,    -1,   164,    51,   164,    -1,
     164,    83,   164,    -1,   164,    82,   164,    -1,   164,    81,
     164,    -1,   164,    87,   164,    -1,    13,   164,    -1,    14,
     164,    -1,    88,   164,    -1,    89,   164,    -1,   164,    96,
      -1,   164,    95,    -1,   164,    94,    -1,   164,    92,    -1,
      98,   164,    -1,    97,   164,    -1,    11,   154,    12,    -1,
      11,    12,    -1,    64,   154,   102,    10,    -1,    64,   102,
      10,    -1,    36,   145,   148,   149,   114,    -1,    36,   145,
     116,   151,   149,     9,   119,    10,    -1,    63,   164,    -1,
      63,   114,    -1,   160,    -1,   161,    -1,   162,    -1,   163,
      -1,   164,    79,   164,    80,   164,    -1,    90,   164,    -1,
     166,    -1,    66,   164,    -1,   101,   154,   100,    -1,    26,
      -1,   101,   100,    -1,   177,    -1,   182,    -1,   180,    -1,
     178,    -1,   181,    -1,   159,    -1,   183,    11,   154,    12,
      -1,   184,    11,   154,    12,    -1,   183,     9,   154,   102,
      10,    -1,   184,     9,   154,   102,    10,    -1,    23,    -1,
     176,    -1,   176,   101,   100,    -1,   176,   101,   154,   100,
      -1,    65,   147,   168,    -1,   164,    99,   103,   104,    -1,
     164,    99,    15,   104,    -1,   164,    99,    16,   104,    -1,
     164,    99,    17,   104,    -1,   164,    99,   104,   104,    -1,
      50,    -1,    50,   164,    -1,    76,   155,    -1,    56,    -1,
      56,   114,    -1,    56,   164,    -1,    68,    -1,    68,   164,
      -1,    29,    -1,    29,   164,    -1,    53,    -1,    53,   101,
     100,    -1,    27,    -1,    27,   101,   100,    -1,    28,    -1,
      54,   101,   100,    -1,    54,   101,   154,   100,    -1,    -1,
      24,   165,   101,   155,   170,   100,    -1,    20,    -1,   156,
      -1,    52,    -1,    31,    -1,    67,   167,   150,    -1,    67,
     167,    -1,   101,   154,   100,    -1,   101,   100,    -1,   177,
      -1,   180,    -1,   179,    -1,   178,    -1,    -1,   155,    -1,
      -1,   154,    -1,    -1,   105,   154,    -1,   101,    -1,    -1,
      26,   172,   101,    -1,   177,    -1,   177,    -1,   178,    -1,
     180,    -1,   174,    -1,   176,    -1,    17,   186,    -1,   103,
     186,    -1,    15,   186,    -1,    15,    25,    11,    23,    12,
      -1,    16,   186,    -1,    62,   186,    -1,   164,    99,    62,
     104,    -1,   104,   186,    -1,   178,    -1,   164,    99,    15,
      -1,   180,    -1,   164,    99,    16,    -1,   182,    -1,   164,
      99,   104,    -1,    20,    -1,   177,    -1,   114,    -1,    25,
      -1
};

/* YYRLINE[YYN] -- source line where rule number YYN was defined.  */
static const yytype_uint16 yyrline[] =
{
       0,   117,   117,   116,   127,   126,   136,   135,   148,   147,
     160,   159,   172,   171,   183,   191,   199,   203,   211,   217,
     218,   228,   229,   238,   242,   246,   250,   257,   259,   270,
     269,   303,   302,   341,   349,   348,   357,   363,   369,   380,
     382,   384,   391,   399,   401,   398,   418,   423,   430,   429,
     439,   447,   453,   460,   459,   474,   478,   486,   504,   505,
     510,   512,   514,   516,   518,   520,   522,   525,   531,   532,
     537,   548,   549,   555,   561,   562,   567,   570,   574,   579,
     583,   587,   591,   592,   596,   602,   607,   612,   613,   618,
     619,   624,   625,   627,   632,   634,   640,   639,   658,   659,
     663,   665,   667,   669,   673,   675,   680,   684,   688,   692,
     698,   703,   709,   715,   717,   720,   719,   730,   731,   735,
     739,   742,   747,   752,   755,   759,   763,   766,   771,   775,
     778,   780,   782,   787,   789,   791,   796,   798,   800,   802,
     804,   806,   808,   810,   812,   814,   816,   821,   823,   826,
     828,   830,   833,   836,   847,   850,   853,   860,   862,   864,
     866,   868,   871,   885,   887,   891,   892,   893,   894,   895,
     897,   899,   901,   903,   905,   907,   909,   911,   913,   915,
     917,   919,   921,   931,   941,   951,   961,   963,   965,   968,
     973,   977,   979,   981,   983,   986,   988,   991,   993,   995,
     997,   999,  1001,  1003,  1005,  1007,  1010,  1012,  1014,  1016,
    1018,  1020,  1024,  1027,  1026,  1039,  1040,  1041,  1046,  1050,
    1052,  1057,  1059,  1062,  1064,  1066,  1068,  1073,  1075,  1080,
    1081,  1086,  1087,  1091,  1094,  1093,  1101,  1105,  1106,  1107,
    1110,  1111,  1114,  1118,  1122,  1128,  1157,  1163,  1165,  1169,
    1173,  1174,  1178,  1179,  1183,  1184,  1189,  1191,  1193,  1196
};
#endif

<<<<<<<
#if YYDEBUG || YYERROR_VERBOSE || 0
=======
#if YYDEBUG || YYERROR_VERBOSE || b4_token_table_flag
>>>>>>>
/* YYTNAME[SYMBOL-NUM] -- String name of the symbol SYMBOL-NUM.
   First, the terminals, then, starting at YYNTOKENS, nonterminals.  */
static const char *const yytname[] =
{
  "$end", "error", "$undefined", "GRAMPROG", "GRAMEXPR", "GRAMBLOCK",
  "GRAMBARESTMT", "GRAMFULLSTMT", "GRAMSTMTSEQ", "'{'", "'}'", "'['",
  "']'", "'-'", "'+'", "'@'", "'%'", "'&'", "'='", "'.'", "WORD", "METHOD",
  "FUNCMETH", "THING", "PMFUNC", "PRIVATEREF", "QWLIST", "FUNC0OP",
  "FUNC0SUB", "UNIOPSUB", "LSTOPSUB", "PLUGEXPR", "PLUGSTMT", "LABEL",
  "FORMAT", "SUB", "ANONSUB", "PACKAGE", "USE", "WHILE", "UNTIL", "IF",
  "UNLESS", "ELSE", "ELSIF", "CONTINUE", "FOR", "GIVEN", "WHEN", "DEFAULT",
  "LOOPEX", "DOTDOT", "YADAYADA", "FUNC0", "FUNC1", "FUNC", "UNIOP",
  "LSTOP", "RELOP", "EQOP", "MULOP", "ADDOP", "DOLSHARP", "DO",
  "HASHBRACK", "NOAMP", "LOCAL", "MY", "REQUIRE", "COLONATTR",
  "FORMLBRACK", "FORMRBRACK", "PREC_LOW", "DOROP", "OROP", "ANDOP",
  "NOTOP", "','", "ASSIGNOP", "'?'", "':'", "DORDOR", "OROR", "ANDAND",
  "BITOROP", "BITANDOP", "SHIFTOP", "MATCHOP", "'!'", "'~'", "REFGEN",
  "UMINUS", "POWCOP", "POWOP", "POSTJOIN", "POSTDEC", "POSTINC", "PREDEC",
  "PREINC", "ARROW", "')'", "'('", "';'", "'$'", "'*'", "'/'", "$accept",
  "grammar", "$@1", "$@2", "$@3", "$@4", "$@5", "$@6", "block",
  "formblock", "remember", "mblock", "mremember", "stmtseq", "formstmtseq",
  "fullstmt", "labfullstmt", "barestmt", "$@7", "$@8", "$@9", "$@10",
  "$@11", "@12", "$@13", "formline", "formarg", "sideff", "else", "cont",
  "mintro", "nexpr", "texpr", "iexpr", "mexpr", "mnexpr", "miexpr",
  "formname", "startsub", "startanonsub", "startformsub", "subname",
  "proto", "subattrlist", "myattrlist", "subsignature", "@14",
  "optsubbody", "expr", "listexpr", "listop", "@15", "method",
  "subscripted", "termbinop", "termunop", "anonymous", "termdo", "term",
  "@16", "myattrterm", "myterm", "optlistexpr", "optexpr", "optrepl",
  "lpar_or_qw", "$@17", "my_scalar", "my_var", "refgen_topic", "amper",
  "scalar", "ary", "sizearydecl", "hsh", "arylen", "star", "sliceme",
  "kvslice", "gelem", "indirob", YY_NULL
};
#endif

# ifdef YYPRINT
/* YYTOKNUM[YYLEX-NUM] -- Internal token number corresponding to
   token YYLEX-NUM.  */
static const yytype_uint16 yytoknum[] =
{
       0,   256,   257,   258,   259,   260,   261,   262,   263,   123,
     125,    91,    93,    45,    43,    64,    37,    38,    61,    46,
     264,   265,   266,   267,   268,   269,   270,   271,   272,   273,
     274,   275,   276,   277,   278,   279,   280,   281,   282,   283,
     284,   285,   286,   287,   288,   289,   290,   291,   292,   293,
     294,   295,   296,   297,   298,   299,   300,   301,   302,   303,
     304,   305,   306,   307,   308,   309,   310,   311,   312,   313,
     314,   315,   316,   317,   318,   319,   320,    44,   321,    63,
      58,   322,   323,   324,   325,   326,   327,   328,    33,   126,
     329,   330,   331,   332,   333,   334,   335,   336,   337,   338,
      41,    40,    59,    36,    42,    47
};
# endif

/* YYR1[YYN] -- Symbol number of symbol that rule YYN derives.  */
static const yytype_uint8 yyr1[] =
{
       0,   106,   108,   107,   109,   107,   110,   107,   111,   107,
     112,   107,   113,   107,   114,   115,   116,   117,   118,   119,
     119,   120,   120,   121,   121,   122,   122,   123,   123,   124,
     123,   125,   123,   123,   126,   123,   123,   123,   123,   123,
     123,   123,   123,   127,   128,   123,   123,   123,   129,   123,
     123,   123,   123,   130,   123,   123,   123,   131,   132,   132,
     133,   133,   133,   133,   133,   133,   133,   133,   134,   134,
     134,   135,   135,   136,   137,   137,   138,   138,   139,   140,
     141,   142,   143,   143,   144,   145,   146,   147,   147,   148,
     148,   149,   149,   149,   150,   150,   152,   151,   153,   153,
     154,   154,   154,   154,   155,   155,   155,   156,   156,   156,
     156,   156,   156,   156,   156,   157,   156,   158,   158,   159,
     159,   159,   159,   159,   159,   159,   159,   159,   159,   159,
     159,   159,   159,   160,   160,   160,   160,   160,   160,   160,
     160,   160,   160,   160,   160,   160,   160,   161,   161,   161,
     161,   161,   161,   161,   161,   161,   161,   162,   162,   162,
     162,   162,   162,   163,   163,   164,   164,   164,   164,   164,
     164,   164,   164,   164,   164,   164,   164,   164,   164,   164,
     164,   164,   164,   164,   164,   164,   164,   164,   164,   164,
     164,   164,   164,   164,   164,   164,   164,   164,   164,   164,
     164,   164,   164,   164,   164,   164,   164,   164,   164,   164,
     164,   164,   164,   165,   164,   164,   164,   164,   164,   166,
     166,   167,   167,   167,   167,   167,   167,   168,   168,   169,
     169,   170,   170,   171,   172,   171,   173,   174,   174,   174,
     175,   175,   176,   177,   178,   179,   180,   181,   181,   182,
     183,   183,   184,   184,   185,   185,   186,   186,   186,   186
};

/* YYR2[YYN] -- Number of symbols composing right hand side of rule YYN.  */
static const yytype_uint8 yyr2[] =
{
       0,     2,     0,     4,     0,     3,     0,     3,     0,     3,
       0,     3,     0,     3,     4,     7,     0,     4,     0,     0,
       2,     0,     2,     1,     1,     2,     2,     1,     4,     0,
       7,     0,    10,     4,     0,     7,     7,     7,     6,     6,
       2,     8,     8,     0,     0,    13,     9,     8,     0,    11,
       9,     7,     2,     0,     8,     2,     1,     2,     0,     3,
       1,     1,     3,     3,     3,     3,     3,     3,     0,     2,
       6,     0,     2,     0,     0,     1,     0,     1,     1,     1,
       1,     1,     1,     0,     0,     0,     0,     1,     1,     0,
       1,     0,     2,     1,     2,     1,     0,     3,     1,     1,
       3,     3,     3,     1,     2,     3,     1,     3,     5,     6,
       3,     3,     5,     2,     4,     0,     5,     1,     1,     5,
       4,     5,     4,     5,     6,     5,     4,     5,     4,     3,
       6,     4,     5,     3,     3,     3,     3,     3,     3,     3,
       3,     3,     3,     3,     3,     3,     3,     2,     2,     2,
       2,     2,     2,     2,     2,     2,     2,     3,     2,     4,
       3,     5,     8,     2,     2,     1,     1,     1,     1,     5,
       2,     1,     2,     3,     1,     2,     1,     1,     1,     1,
       1,     1,     4,     4,     5,     5,     1,     1,     3,     4,
       3,     4,     4,     4,     4,     4,     1,     2,     2,     1,
       2,     2,     1,     2,     1,     2,     1,     3,     1,     3,
       1,     3,     4,     0,     6,     1,     1,     1,     1,     3,
       2,     3,     2,     1,     1,     1,     1,     0,     1,     0,
       1,     0,     2,     1,     0,     3,     1,     1,     1,     1,
       1,     1,     2,     2,     2,     5,     2,     2,     4,     2,
       1,     3,     1,     3,     1,     3,     1,     1,     1,     1
};

/* YYDEFACT[STATE-NAME] -- Default reduction number in state STATE-NUM.
   Performed when YYTABLE doesn't specify something else to do.  Zero
   means the default is an error.  */
static const yytype_uint16 yydefact[] =
{
       0,     2,     4,     6,     8,    10,    12,     0,    16,   229,
       0,     0,     0,    19,     1,    19,     0,     0,     0,     0,
       0,     0,   215,     0,     0,   186,   213,   174,   208,   210,
     204,    85,   218,    85,   196,   217,   206,     0,     0,   199,
     227,     0,     0,     0,     0,     0,     0,   202,     0,     0,
       0,     0,     0,     0,     0,     0,     0,   230,   103,   216,
     181,   165,   166,   167,   168,   106,   171,     5,   187,   176,
     179,   178,   180,   177,     0,     0,     0,    16,     7,    60,
      27,    86,     0,     0,    84,     0,     0,     0,     0,     0,
       0,     0,     0,    56,    71,     9,     0,    61,     0,    11,
      24,    23,     0,     0,   158,     0,   147,   148,   256,   259,
     258,   257,   244,   246,   242,   227,     0,     0,     0,     0,
     205,     0,    89,   197,     0,     0,   229,   200,   201,   256,
     228,   113,   257,     0,   247,   164,   163,     0,     0,    87,
      88,   227,   172,     0,     0,   220,   223,   226,   225,   224,
     203,   198,   149,   150,   170,   156,   155,   175,     0,   243,
     249,     0,     0,     0,   104,     0,     0,     0,     0,     0,
       0,     0,     0,     0,     0,     0,     0,     0,     0,     0,
       0,     0,   154,     0,   153,   152,   151,     0,     0,     0,
       0,     0,     0,     0,     0,     0,    19,    83,    84,     0,
      34,    16,    16,    16,    16,   234,    16,     0,    16,    16,
       0,    16,    16,    40,     0,    52,    55,     0,     0,     0,
       0,     0,     0,    26,    25,    20,   157,   111,   229,     0,
       0,   209,   115,    90,     0,    91,   207,   211,     0,     0,
       0,   107,   160,     0,   190,   259,   222,     0,    95,   219,
       0,   173,   102,   101,   100,   105,     0,     0,   129,     0,
     142,   138,   139,   135,   136,   133,     0,   145,   144,   143,
     141,   140,   137,   146,   134,     0,     0,   251,   253,     0,
     117,     0,     0,     0,   255,   110,   118,   188,     0,     0,
       0,     0,     0,     0,     0,     0,     0,    82,     0,    29,
       0,     0,    76,     0,     0,     0,     0,     0,    16,   240,
       0,   241,   237,   238,   239,     0,     0,   233,    16,     0,
       0,    72,    64,    65,    78,    62,    63,    66,    67,     0,
     231,   131,   227,    96,    91,    93,     0,   212,   114,     0,
     159,     0,   221,    94,     0,     0,     0,   122,   128,     0,
       0,     0,   192,   193,   194,   248,   126,     0,   191,   195,
     229,   189,     0,   120,     0,   182,     0,   183,     0,    14,
      16,    28,    89,    16,    16,    33,     0,     0,    77,     0,
       0,    79,    81,     0,   235,     0,   236,     0,    16,    75,
      80,     0,     0,     0,     0,     0,   112,     0,     0,   116,
       0,     0,    92,   161,   108,     0,   132,     0,   125,   169,
       0,   121,   127,     0,   123,   184,   185,   119,     0,    91,
       0,    53,   227,    73,    73,     0,     0,     0,    48,     0,
      43,     0,     0,     0,     0,   232,   214,    97,    19,   245,
     130,   124,   109,     0,     0,    91,    19,     0,     0,     0,
      18,    68,    68,     0,     0,     0,    76,    71,     0,    38,
      39,     0,    21,    99,    98,    30,     0,     0,    35,    71,
      71,    19,     0,     0,    36,    37,     0,     0,     0,     0,
      51,    71,   162,     0,    19,    54,    41,    42,     0,    69,
       0,    71,     0,    71,    44,    47,    58,     0,    22,     0,
      17,     0,    46,     0,    50,    73,    19,    57,    15,    32,
       0,    71,     0,     0,    68,    49,     0,    59,    70,     0,
      45
};

/* YYDEFGOTO[NTERM-NUM].  */
static const yytype_int16 yydefgoto[] =
{
      -1,     7,     8,     9,    10,    11,    12,    13,   110,   371,
      15,   451,   471,   102,   483,   225,   100,   101,   372,   373,
     301,   456,   505,   454,   446,   498,   507,    96,   474,   215,
     448,   390,   377,   323,   380,   391,   383,   298,   200,   121,
     197,   141,   235,   336,   249,   334,   400,   465,    97,    58,
      59,   332,   285,    60,    61,    62,    63,    64,    65,   117,
      66,   145,   131,    67,   398,   209,   306,   385,   309,   310,
      68,    69,    70,   148,    71,    72,    73,    74,    75,    76,
     112
};

/* YYPACT[STATE-NUM] -- Index in YYTABLE of the portion describing
   STATE-NUM.  */
#define YYPACT_NINF -392
static const yytype_int16 yypact[] =
{
     508,  -392,  -392,  -392,  -392,  -392,  -392,    39,  -392,  2741,
      34,  1515,  1417,  -392,  -392,  -392,  1989,  2741,  2741,    15,
      15,    15,  -392,    15,    15,  -392,  -392,    35,   -44,  -392,
    2741,  -392,  -392,  -392,  2741,  -392,   -26,   -23,    12,  1895,
    1799,    15,  1895,  2083,   137,  2741,    44,  2741,  2741,  2741,
    2741,  2741,  2741,  2741,  2177,    15,    15,   141,    18,  -392,
       5,  -392,  -392,  -392,  -392,  2820,  -392,  -392,    53,    70,
      78,   139,  -392,    90,   163,   171,   107,  -392,  -392,  -392,
    -392,  -392,   137,   111,  -392,    57,    74,    88,   110,     0,
     138,   143,    34,  -392,   193,  -392,    33,  1949,  1417,  -392,
    -392,  -392,   632,   731,  -392,    68,   807,   807,  -392,  -392,
    -392,  -392,  -392,  -392,  -392,  2741,   144,   145,  2741,   108,
     278,    34,    21,  2820,   150,  2271,  1799,  -392,   278,   535,
      18,  -392,   459,  2741,  -392,  -392,   278,   244,    86,  -392,
    -392,  2741,   278,    52,  2365,   213,  -392,  -392,  -392,  -392,
     278,    18,   807,   807,   807,   473,   473,   274,    -9,  -392,
    -392,  2741,  2741,  2741,  2741,  2741,  2741,  2459,  2741,  2741,
    2741,  2741,  2741,  2741,  2741,  2741,  2741,  2741,  2741,  2741,
    2741,  2741,  -392,  2741,  -392,  -392,  -392,   232,  2553,  2741,
    2741,  2741,  2741,  2741,  2741,  2741,  -392,   272,  -392,   282,
    -392,  -392,  -392,  -392,  -392,  -392,  -392,     6,  -392,  -392,
      11,  -392,  -392,  -392,    34,  -392,  -392,  2741,  2741,  2741,
    2741,  2741,  2741,  -392,  -392,  -392,  -392,  -392,  2741,  2741,
     132,  -392,  -392,  -392,   202,   239,  -392,  -392,   128,   210,
    2741,    18,  -392,   301,  -392,   309,  -392,   250,   289,  -392,
    2741,   317,   254,   254,  -392,  2820,   225,   158,  -392,   380,
    1597,   505,   346,   716,   617,  2820,  2774,   329,   329,  1688,
     389,  1784,  1880,   807,   807,  2741,  2741,   215,   226,   230,
    -392,   236,  2647,    49,   238,   242,  -392,  -392,   550,   308,
     198,   388,   201,   391,   206,   448,   829,  -392,   340,   259,
      -6,   347,  2741,  2741,  2741,  2741,   265,   266,  -392,  -392,
      11,  -392,  -392,  -392,  -392,  1609,  2741,  -392,  -392,  2741,
    2741,  -392,   141,  -392,   141,   141,   141,   141,   141,   275,
     -22,  -392,  2741,  -392,   239,   353,    34,  -392,  -392,   618,
    -392,   356,  -392,  -392,   214,  2741,   374,  -392,  -392,  2741,
     454,   222,  -392,  -392,  -392,  -392,  -392,   628,  -392,  -392,
    2741,  -392,   375,  -392,   382,  -392,   384,  -392,   386,  -392,
    -392,  -392,   377,  -392,  -392,  -392,   381,   297,   141,   303,
     311,   141,  -392,   318,  -392,    11,  -392,     4,  -392,  -392,
    -392,   306,   319,  2741,   320,   326,  -392,  2741,   330,  -392,
     337,   400,  -392,  -392,  -392,   431,  -392,   279,  -392,  2866,
     434,  -392,  -392,   352,  -392,  -392,  -392,  -392,   344,   239,
     202,  -392,  2741,  -392,  -392,   447,   447,  2741,  -392,  2741,
    -392,   447,   367,   447,   447,   141,  -392,  -392,  -392,  -392,
    -392,  -392,  -392,   398,    -2,   239,  -392,   370,   447,   447,
    -392,   192,   192,   387,    11,   394,  2741,   193,   447,  -392,
    -392,   927,  -392,  -392,  -392,  -392,   468,  1025,  -392,   193,
     193,  -392,   447,   385,  -392,  -392,   447,  2741,   447,   395,
    -392,   193,  -392,    -8,  -392,  -392,  -392,  -392,  1123,  -392,
    2741,   193,   396,   193,  -392,  -392,   421,   483,  -392,  1221,
    -392,   404,  -392,   447,  -392,  -392,  -392,  -392,  -392,  -392,
     447,   193,  1703,  1319,   192,  -392,   406,  -392,  -392,   447,
    -392
};

/* YYPGOTO[NTERM-NUM].  */
static const yytype_int16 yypgoto[] =
{
    -392,  -392,  -392,  -392,  -392,  -392,  -392,  -392,   -10,  -392,
     -25,  -117,  -392,   -11,  -392,   496,   411,    25,  -392,  -392,
    -392,  -392,  -392,  -392,  -392,  -392,  -392,  -303,  -384,  -113,
    -391,  -392,    69,   -76,  -278,    14,  -392,  -392,   332,   491,
    -392,   449,   176,  -321,  -392,   129,  -392,  -392,     2,   -31,
    -392,  -392,  -392,  -392,  -392,  -392,  -392,  -392,    87,  -392,
    -392,  -392,  -107,  -120,  -392,  -185,  -392,  -392,   170,  -392,
     355,    30,   -41,  -392,   -36,  -392,  -392,  -392,  -392,  -392,
       7
};

/* YYTABLE[YYPACT[STATE-NUM]].  What to do in state STATE-NUM.  If
   positive, shift that token.  If negative, reduce the rule which
   number is the opposite.  If YYTABLE_NINF, syntax error.  */
#define YYTABLE_NINF -255
static const yytype_int16 yytable[] =
{
      78,    94,    94,   374,   103,   147,   239,    77,   227,   130,
     149,    57,   389,   401,   165,   496,   166,   151,   105,    19,
      20,    19,    20,    21,    77,   318,   205,   113,   114,   127,
     115,   116,   135,   449,   244,   108,    95,   205,   392,    14,
     109,   394,   395,    77,   233,   138,   118,   133,   134,   111,
     111,   111,   196,   111,   111,   164,   158,   119,    77,   143,
      20,    77,   159,   160,   161,   162,   163,   206,   475,   108,
     132,   111,   108,   308,   109,   124,   146,   245,   125,   189,
     226,   190,   213,   397,   130,   111,   111,  -250,    94,  -250,
     207,   251,    94,    94,   497,   164,   375,   234,   444,  -254,
     463,   208,   241,    55,   106,   107,   167,    55,   329,    55,
     130,   232,   317,   126,   512,   432,   195,   120,    55,   210,
     230,   123,   -16,   224,   466,   388,   128,   238,    57,   136,
     518,   199,   142,   240,   150,   216,   152,   153,   154,   155,
     156,   161,   162,   163,   331,   144,   247,    55,  -252,   453,
    -252,   455,    55,   358,   188,    55,   132,   139,   201,   161,
     162,   163,   140,   252,   253,   254,   313,   256,   257,   259,
     347,   314,   191,   111,   192,   202,   302,   303,   304,   305,
     193,   307,   194,   315,   316,   296,   319,   320,   243,   203,
     288,   289,   290,   291,   292,   293,   294,   295,   330,   492,
     427,   161,   162,   163,   321,   161,   162,   163,   231,   389,
     363,   204,   501,   365,   161,   162,   163,   286,   367,   322,
     324,   325,   326,   327,   328,   399,   406,   379,   337,   382,
      57,   161,   162,   163,   411,   472,   473,   312,   214,   211,
     413,   275,   339,   276,   212,   228,   229,   277,   278,   279,
     236,   255,   344,   280,   242,   260,   261,   262,   263,   264,
     265,   266,   267,   268,   269,   270,   271,   272,   273,   477,
     274,   161,   162,   163,   161,   162,   163,   350,   351,   161,
     162,   163,   248,   387,   357,   250,    94,   161,   162,   163,
     159,   440,   297,   393,   281,   161,   162,   163,   161,   162,
     163,   130,   300,   333,   378,   324,   381,   324,   335,   452,
     338,   340,   343,   111,   457,   447,   459,   460,   381,   352,
     341,   381,   381,   161,   162,   163,   403,   346,   345,   163,
     353,   469,   470,   282,   354,   283,   284,   386,   171,   172,
     355,   481,   359,   360,   480,   418,   313,   407,   420,   421,
     342,   314,   161,   162,   163,   489,   486,   487,   370,   491,
     -31,   493,    57,   429,   180,   181,   384,   376,   495,    55,
     182,   183,   184,   185,   186,   396,   402,   187,   502,   405,
     504,   161,   162,   163,   408,   414,   511,   169,   170,   171,
     172,   130,   415,   514,   416,   381,   417,   423,   515,   435,
     233,   422,   520,   424,   169,  -255,   171,   172,   430,   438,
     362,   425,   177,   178,   179,   180,   181,   312,   426,   431,
     433,   182,   183,   184,   185,   186,   434,   461,   187,   381,
     436,   381,   180,   181,   464,   467,   409,   437,   182,   183,
     184,   185,   186,   439,   441,   187,   443,   169,   170,   171,
     172,    94,   442,   161,   162,   163,   450,    94,   378,  -176,
     488,   161,   162,   163,   161,   162,   163,   458,   189,   462,
     190,  -176,   468,   499,   179,   180,   181,   484,    94,   381,
     348,   182,   183,   184,   185,   186,   490,   476,   187,    94,
     364,   506,   381,   366,   478,   513,   503,   494,  -176,  -176,
    -176,  -176,   508,    94,   510,  -176,   519,  -176,    99,   223,
    -176,     1,     2,     3,     4,     5,     6,  -176,  -176,  -176,
    -176,   161,   162,   163,   122,   479,   516,   161,   162,   163,
     299,   198,  -176,  -176,  -176,  -215,  -176,  -176,  -176,  -176,
    -176,  -176,  -176,  -176,  -176,  -176,  -176,  -215,   419,   445,
     368,  -176,  -176,  -176,  -176,  -176,   410,   428,  -176,  -176,
       0,  -176,   311,  -255,  -176,   171,   172,  -255,  -255,  -255,
       0,     0,   187,     0,  -215,  -215,  -215,  -215,     0,     0,
       0,  -215,     0,  -215,     0,     0,  -215,     0,     0,     0,
       0,   180,   181,  -215,  -215,  -215,  -215,   182,   183,   184,
     185,   186,     0,     0,   187,     0,     0,     0,  -215,  -215,
    -215,     0,  -215,  -215,  -215,  -215,  -215,  -215,  -215,  -215,
    -215,  -215,  -215,   161,   162,   163,     0,  -215,  -215,  -215,
    -215,  -215,   -13,    79,  -215,  -215,     0,  -215,     0,     0,
    -215,    77,     0,    16,     0,    17,    18,    19,    20,    21,
     361,     0,    22,    23,    24,    25,    26,     0,    27,    28,
      29,    30,    31,    32,    80,    98,    81,    82,    33,    83,
      84,    85,    86,    87,    88,     0,     0,   171,    89,    90,
      91,    92,    34,     0,    35,    36,    37,    38,    39,    40,
       0,   161,   162,   163,    41,    42,    43,    44,    45,    46,
      47,   161,   162,   163,   181,     0,     0,     0,    48,   182,
     183,   184,   185,   186,     0,     0,   187,     0,   404,     0,
      49,    50,    51,     0,     0,     0,     0,     0,   412,    52,
      53,    -3,    79,    54,    93,    55,    56,     0,     0,     0,
      77,     0,    16,     0,    17,    18,    19,    20,    21,     0,
       0,    22,    23,    24,    25,    26,     0,    27,    28,    29,
      30,    31,    32,    80,    98,    81,    82,    33,    83,    84,
      85,    86,    87,    88,     0,     0,     0,    89,    90,    91,
      92,    34,     0,    35,    36,    37,    38,    39,    40,     0,
       0,     0,     0,    41,    42,    43,    44,    45,    46,    47,
       0,     0,     0,   181,     0,     0,     0,    48,   182,   183,
     184,   185,   186,     0,     0,   187,     0,     0,     0,    49,
      50,    51,     0,     0,     0,     0,     0,     0,    52,    53,
      79,     0,    54,    93,    55,    56,     0,     0,    77,   369,
      16,     0,    17,    18,    19,    20,    21,     0,     0,    22,
      23,    24,    25,    26,     0,    27,    28,    29,    30,    31,
      32,    80,    98,    81,    82,    33,    83,    84,    85,    86,
      87,    88,     0,     0,     0,    89,    90,    91,    92,    34,
       0,    35,    36,    37,    38,    39,    40,     0,     0,     0,
       0,    41,    42,    43,    44,    45,    46,    47,     0,   182,
     183,   184,   185,   186,     0,    48,   187,     0,     0,     0,
       0,     0,     0,     0,     0,     0,     0,    49,    50,    51,
       0,     0,     0,     0,     0,     0,    52,    53,    79,     0,
      54,    93,    55,    56,     0,     0,    77,   482,    16,     0,
      17,    18,    19,    20,    21,     0,     0,    22,    23,    24,
      25,    26,     0,    27,    28,    29,    30,    31,    32,    80,
      98,    81,    82,    33,    83,    84,    85,    86,    87,    88,
       0,     0,     0,    89,    90,    91,    92,    34,     0,    35,
      36,    37,    38,    39,    40,     0,     0,     0,     0,    41,
      42,    43,    44,    45,    46,    47,     0,     0,     0,     0,
       0,     0,     0,    48,     0,     0,     0,     0,     0,     0,
       0,     0,     0,     0,     0,    49,    50,    51,     0,     0,
       0,     0,     0,     0,    52,    53,    79,     0,    54,    93,
      55,    56,     0,     0,    77,   485,    16,     0,    17,    18,
      19,    20,    21,     0,     0,    22,    23,    24,    25,    26,
       0,    27,    28,    29,    30,    31,    32,    80,    98,    81,
      82,    33,    83,    84,    85,    86,    87,    88,     0,     0,
       0,    89,    90,    91,    92,    34,     0,    35,    36,    37,
      38,    39,    40,     0,     0,     0,     0,    41,    42,    43,
      44,    45,    46,    47,     0,     0,     0,     0,     0,     0,
       0,    48,     0,     0,     0,     0,     0,     0,     0,     0,
       0,     0,     0,    49,    50,    51,     0,     0,     0,     0,
       0,     0,    52,    53,    79,     0,    54,    93,    55,    56,
       0,     0,    77,   500,    16,     0,    17,    18,    19,    20,
      21,     0,     0,    22,    23,    24,    25,    26,     0,    27,
      28,    29,    30,    31,    32,    80,    98,    81,    82,    33,
      83,    84,    85,    86,    87,    88,     0,     0,     0,    89,
      90,    91,    92,    34,     0,    35,    36,    37,    38,    39,
      40,     0,     0,     0,     0,    41,    42,    43,    44,    45,
      46,    47,     0,     0,     0,     0,     0,     0,     0,    48,
       0,     0,     0,     0,     0,     0,     0,     0,     0,     0,
       0,    49,    50,    51,     0,     0,     0,     0,     0,     0,
      52,    53,    79,     0,    54,    93,    55,    56,     0,     0,
      77,   509,    16,     0,    17,    18,    19,    20,    21,     0,
       0,    22,    23,    24,    25,    26,     0,    27,    28,    29,
      30,    31,    32,    80,    98,    81,    82,    33,    83,    84,
      85,    86,    87,    88,     0,     0,     0,    89,    90,    91,
      92,    34,     0,    35,    36,    37,    38,    39,    40,     0,
       0,     0,     0,    41,    42,    43,    44,    45,    46,    47,
       0,     0,     0,     0,     0,     0,     0,    48,     0,     0,
       0,     0,     0,     0,     0,     0,     0,     0,     0,    49,
      50,    51,     0,     0,     0,     0,     0,     0,    52,    53,
      79,     0,    54,    93,    55,    56,     0,     0,    77,     0,
      16,     0,    17,    18,    19,    20,    21,     0,     0,    22,
      23,    24,    25,    26,     0,    27,    28,    29,    30,    31,
      32,    80,    98,    81,    82,    33,    83,    84,    85,    86,
      87,    88,     0,     0,     0,    89,    90,    91,    92,    34,
       0,    35,    36,    37,    38,    39,    40,     0,     0,     0,
       0,    41,    42,    43,    44,    45,    46,    47,     0,     0,
     517,     0,     0,     0,     0,    48,     0,     0,     0,     0,
       0,     0,     0,     0,     0,     0,     0,    49,    50,    51,
       0,     0,     0,     0,     0,     0,    52,    53,    79,     0,
      54,    93,    55,    56,     0,     0,    77,     0,    16,     0,
      17,    18,    19,    20,    21,     0,     0,    22,    23,    24,
      25,    26,     0,    27,    28,    29,    30,    31,    32,    80,
      98,    81,    82,    33,    83,    84,    85,    86,    87,    88,
       0,     0,     0,    89,    90,    91,    92,    34,     0,    35,
      36,    37,    38,    39,    40,     0,     0,     0,     0,    41,
      42,    43,    44,    45,    46,    47,     0,     0,     0,     0,
       0,     0,     0,    48,     0,     0,     0,     0,     0,     0,
       0,     0,     0,     0,     0,    49,    50,    51,     0,     0,
       0,     0,     0,     0,    52,    53,    79,     0,    54,    93,
      55,    56,     0,     0,    77,     0,    16,     0,    17,    18,
      19,    20,    21,     0,     0,    22,    23,    24,    25,    26,
       0,    27,    28,    29,    30,    31,    32,    80,     0,    81,
      82,    33,    83,    84,    85,    86,    87,    88,     0,     0,
       0,    89,    90,    91,    92,    34,     0,    35,    36,    37,
      38,    39,    40,     0,     0,     0,     0,    41,    42,    43,
      44,    45,    46,    47,     0,     0,     0,     0,     0,     0,
       0,    48,     0,     0,     0,     0,     0,     0,     0,     0,
       0,     0,     0,    49,    50,    51,     0,     0,     0,     0,
      79,     0,    52,    53,     0,     0,    54,    93,    55,    56,
      16,     0,    17,    18,    19,    20,    21,     0,     0,    22,
      23,    24,    25,    26,     0,    27,    28,    29,    30,    31,
      32,     0,     0,     0,     0,    33,     0,     0,  -255,     0,
       0,     0,     0,     0,     0,   169,   170,   171,   172,    34,
       0,    35,    36,    37,    38,    39,    40,     0,     0,     0,
       0,    41,    42,    43,    44,    45,    46,    47,   175,   176,
     177,   178,   179,   180,   181,    48,     0,     0,     0,   182,
     183,   184,   185,   186,     0,     0,   187,    49,    50,    51,
       0,     0,     0,     0,    79,     0,    52,    53,     0,     0,
      54,   -74,    55,    56,    16,     0,    17,    18,    19,    20,
      21,     0,     0,    22,    23,    24,    25,    26,     0,    27,
      28,    29,    30,    31,    32,     0,     0,     0,     0,    33,
       0,     0,     0,     0,     0,     0,   169,   170,   171,   172,
       0,     0,     0,    34,     0,    35,    36,    37,    38,    39,
      40,     0,     0,     0,     0,    41,    42,    43,    44,    45,
      46,    47,   178,   179,   180,   181,     0,     0,     0,    48,
     182,   183,   184,   185,   186,     0,     0,   187,     0,     0,
       0,    49,    50,    51,     0,     0,     0,     0,     0,     0,
      52,    53,     0,   -74,    54,     0,    55,    56,    77,     0,
      16,     0,    17,    18,    19,    20,    21,     0,     0,   129,
      23,    24,    25,    26,   109,    27,    28,    29,    30,    31,
      32,     0,     0,     0,     0,    33,     0,     0,     0,     0,
       0,     0,   169,   170,   171,   172,     0,     0,     0,    34,
       0,    35,    36,    37,    38,    39,    40,     0,     0,     0,
       0,    41,    42,    43,    44,    45,    46,    47,     0,     0,
     180,   181,     0,     0,     0,    48,   182,   183,   184,   185,
     186,     0,     0,   187,     0,     0,     0,    49,    50,    51,
       0,     0,     0,     0,     0,     0,    52,    53,     0,     0,
      54,     0,    55,    56,    77,     0,    16,     0,    17,    18,
      19,    20,    21,     0,     0,    22,    23,    24,    25,    26,
       0,    27,    28,    29,    30,    31,    32,     0,     0,     0,
       0,    33,     0,     0,     0,     0,     0,     0,     0,     0,
     171,   172,     0,     0,     0,    34,     0,    35,    36,    37,
      38,    39,    40,     0,     0,     0,     0,    41,    42,    43,
      44,    45,    46,    47,     0,     0,     0,   181,     0,     0,
       0,    48,   182,   183,   184,   185,   186,     0,     0,   187,
       0,     0,     0,    49,    50,    51,     0,     0,   217,   218,
     219,   220,    52,    53,     0,   221,    54,   222,    55,    56,
      16,   104,    17,    18,    19,    20,    21,     0,     0,    22,
      23,    24,    25,    26,     0,    27,    28,    29,    30,    31,
      32,     0,   161,   162,   163,    33,     0,     0,     0,     0,
       0,     0,     0,     0,     0,     0,     0,     0,     0,    34,
       0,    35,    36,    37,    38,    39,    40,     0,     0,     0,
       0,    41,    42,    43,    44,    45,    46,    47,     0,     0,
       0,     0,     0,     0,     0,    48,     0,     0,     0,     0,
       0,     0,     0,     0,     0,     0,     0,    49,    50,    51,
       0,     0,     0,     0,     0,     0,    52,    53,     0,     0,
      54,     0,    55,    56,    16,     0,    17,    18,    19,    20,
      21,     0,     0,    22,    23,    24,    25,    26,     0,    27,
      28,    29,    30,    31,    32,     0,     0,     0,     0,    33,
       0,     0,     0,     0,     0,     0,     0,     0,     0,     0,
       0,     0,     0,    34,     0,    35,    36,    37,    38,    39,
      40,     0,     0,     0,     0,    41,    42,    43,    44,    45,
      46,    47,     0,     0,     0,     0,     0,     0,     0,    48,
       0,     0,     0,     0,     0,     0,     0,     0,     0,     0,
       0,    49,    50,    51,     0,     0,     0,     0,     0,     0,
      52,    53,     0,     0,    54,   137,    55,    56,    16,     0,
      17,    18,    19,    20,    21,     0,     0,    22,    23,    24,
      25,    26,     0,    27,    28,    29,    30,    31,    32,     0,
       0,     0,     0,    33,     0,     0,     0,     0,     0,     0,
       0,     0,     0,     0,     0,     0,     0,    34,     0,    35,
      36,    37,    38,    39,    40,     0,     0,     0,     0,    41,
      42,    43,    44,    45,    46,    47,     0,     0,     0,     0,
       0,     0,     0,    48,     0,     0,     0,     0,     0,     0,
       0,     0,     0,     0,     0,    49,    50,    51,     0,     0,
       0,     0,     0,     0,    52,    53,     0,   157,    54,     0,
      55,    56,    16,     0,    17,    18,    19,    20,    21,     0,
       0,    22,    23,    24,    25,    26,     0,    27,    28,    29,
      30,    31,    32,     0,     0,     0,     0,    33,     0,     0,
       0,     0,     0,     0,     0,     0,     0,     0,     0,     0,
       0,    34,     0,    35,    36,    37,    38,    39,    40,     0,
       0,     0,     0,    41,    42,    43,    44,    45,    46,    47,
       0,     0,     0,     0,     0,     0,     0,    48,     0,     0,
       0,     0,     0,     0,     0,     0,     0,     0,     0,    49,
      50,    51,     0,     0,     0,     0,     0,     0,    52,    53,
       0,   237,    54,     0,    55,    56,    16,     0,    17,    18,
      19,    20,    21,     0,     0,    22,    23,    24,    25,    26,
       0,    27,    28,    29,    30,    31,    32,     0,     0,     0,
       0,    33,     0,     0,     0,     0,     0,     0,     0,     0,
       0,     0,     0,     0,     0,    34,     0,    35,    36,    37,
      38,    39,    40,     0,     0,     0,     0,    41,    42,    43,
      44,    45,    46,    47,     0,     0,     0,     0,     0,     0,
       0,    48,     0,     0,     0,     0,     0,     0,     0,     0,
       0,     0,     0,    49,    50,    51,     0,     0,     0,     0,
       0,     0,    52,    53,     0,   246,    54,     0,    55,    56,
      16,     0,    17,    18,    19,    20,    21,     0,     0,    22,
      23,    24,    25,    26,     0,    27,    28,    29,    30,    31,
      32,     0,     0,     0,     0,    33,     0,     0,     0,     0,
       0,     0,     0,     0,     0,     0,     0,     0,     0,    34,
       0,    35,    36,    37,    38,    39,    40,     0,     0,     0,
       0,    41,    42,    43,    44,    45,    46,    47,     0,     0,
       0,     0,     0,     0,     0,    48,     0,     0,     0,     0,
       0,     0,     0,     0,     0,     0,     0,    49,    50,    51,
       0,     0,     0,     0,     0,     0,    52,    53,     0,   258,
      54,     0,    55,    56,    16,     0,    17,    18,    19,    20,
      21,     0,     0,    22,    23,    24,    25,    26,     0,    27,
      28,    29,    30,    31,    32,     0,     0,     0,     0,    33,
       0,     0,     0,     0,     0,     0,     0,     0,     0,     0,
       0,     0,     0,    34,     0,    35,    36,    37,    38,    39,
      40,     0,     0,     0,     0,    41,    42,    43,    44,    45,
      46,    47,     0,     0,     0,     0,     0,     0,     0,    48,
       0,     0,     0,     0,     0,     0,     0,     0,     0,     0,
       0,    49,    50,    51,     0,     0,     0,     0,     0,     0,
      52,    53,     0,   287,    54,     0,    55,    56,    16,     0,
      17,    18,    19,    20,    21,     0,     0,    22,    23,    24,
      25,    26,     0,    27,    28,    29,    30,    31,    32,     0,
       0,     0,     0,    33,     0,     0,     0,     0,     0,     0,
       0,     0,     0,     0,     0,     0,     0,    34,     0,    35,
      36,    37,    38,    39,    40,     0,     0,     0,     0,    41,
      42,    43,    44,    45,    46,    47,     0,     0,     0,     0,
       0,     0,     0,    48,     0,     0,     0,     0,     0,     0,
       0,     0,     0,     0,     0,    49,    50,    51,     0,     0,
       0,     0,     0,     0,    52,    53,     0,   356,    54,     0,
      55,    56,    16,     0,    17,    18,    19,    20,    21,     0,
       0,    22,    23,    24,    25,    26,     0,    27,    28,    29,
      30,    31,    32,     0,     0,     0,     0,    33,     0,     0,
       0,     0,     0,     0,     0,     0,     0,     0,     0,     0,
       0,    34,     0,    35,    36,    37,    38,    39,    40,     0,
       0,     0,     0,    41,    42,    43,    44,    45,    46,    47,
       0,     0,     0,     0,     0,     0,     0,    48,     0,     0,
       0,     0,     0,     0,     0,   168,     0,     0,     0,    49,
      50,    51,   169,   170,   171,   172,     0,     0,    52,    53,
       0,     0,    54,     0,    55,    56,     0,     0,     0,     0,
       0,     0,   173,   174,   349,   175,   176,   177,   178,   179,
     180,   181,     0,     0,     0,     0,   182,   183,   184,   185,
     186,   168,     0,   187,     0,     0,     0,     0,   169,   170,
     171,   172,     0,     0,     0,     0,     0,     0,     0,     0,
       0,     0,     0,     0,     0,     0,     0,     0,   173,   174,
       0,   175,   176,   177,   178,   179,   180,   181,     0,     0,
       0,     0,   182,   183,   184,   185,   186,   168,     0,   187,
       0,     0,     0,     0,   169,   170,   171,   172,     0,     0,
       0,     0,     0,     0,     0,     0,     0,     0,     0,     0,
       0,     0,     0,     0,     0,   174,     0,   175,   176,   177,
     178,   179,   180,   181,     0,     0,     0,     0,   182,   183,
     184,   185,   186,     0,     0,   187
};

#define yypact_value_is_default(Yystate) \
  (!!((Yystate) == (-392)))

#define yytable_value_is_error(Yytable_value) \
  (!!((Yytable_value) == (-255)))

static const yytype_int16 yycheck[] =
{
      10,    11,    12,     9,    15,    46,   126,     9,   115,    40,
      46,     9,   315,   334,     9,    23,    11,    48,    16,    15,
      16,    15,    16,    17,     9,   210,    26,    20,    21,    39,
      23,    24,    42,   424,   141,    20,    11,    26,   316,     0,
      25,   319,   320,     9,    23,    43,    11,    40,    41,    19,
      20,    21,    77,    23,    24,    77,    54,   101,     9,    15,
      16,     9,    55,    56,    73,    74,    75,    67,   452,    20,
      40,    41,    20,    67,    25,   101,    46,    25,   101,     9,
      12,    11,    92,   105,   115,    55,    56,     9,    98,    11,
      90,   100,   102,   103,   102,    77,   102,   122,   419,     9,
     102,   101,   133,   103,    17,    18,   101,   103,   228,   103,
     141,   121,   101,   101,   505,   393,     9,    30,   103,    89,
     118,    34,   101,    98,   445,   310,    39,   125,   126,    42,
     514,    20,    45,   126,    47,   102,    49,    50,    51,    52,
      53,    73,    74,    75,    12,   101,   144,   103,     9,   427,
      11,   429,   103,   104,   101,   103,   126,    20,   101,    73,
      74,    75,    25,   161,   162,   163,   207,   165,   166,   167,
      12,   207,     9,   143,    11,   101,   201,   202,   203,   204,
       9,   206,    11,   208,   209,   196,   211,   212,   102,   101,
     188,   189,   190,   191,   192,   193,   194,   195,   229,   477,
     385,    73,    74,    75,   214,    73,    74,    75,   100,   512,
      12,   101,   490,    12,    73,    74,    75,   187,    12,   217,
     218,   219,   220,   221,   222,   332,    12,   303,   100,   305,
     228,    73,    74,    75,    12,    43,    44,   207,    45,   101,
     360,     9,   240,    11,   101,   101,   101,    15,    16,    17,
     100,   164,   250,    21,    10,   168,   169,   170,   171,   172,
     173,   174,   175,   176,   177,   178,   179,   180,   181,   454,
     183,    73,    74,    75,    73,    74,    75,   275,   276,    73,
      74,    75,    69,   308,   282,    11,   296,    73,    74,    75,
     283,    12,    20,   318,    62,    73,    74,    75,    73,    74,
      75,   332,    20,   101,   302,   303,   304,   305,    69,   426,
     100,    10,    23,   283,   431,   422,   433,   434,   316,   104,
      11,   319,   320,    73,    74,    75,   336,   102,    11,    75,
     104,   448,   449,   101,   104,   103,   104,   307,    60,    61,
     104,   458,   104,   101,   457,   370,   387,   345,   373,   374,
     100,   387,    73,    74,    75,   472,   469,   470,    18,   476,
     101,   478,   360,   388,    86,    87,   101,    20,   481,   103,
      92,    93,    94,    95,    96,   100,    23,    99,   491,    23,
     493,    73,    74,    75,    10,    10,   503,    58,    59,    60,
      61,   422,    10,   510,    10,   393,    10,   100,   511,   397,
      23,    20,   519,   100,    58,    59,    60,    61,   102,     9,
     102,   100,    83,    84,    85,    86,    87,   387,   100,   100,
     100,    92,    93,    94,    95,    96,   100,   438,    99,   427,
     100,   429,    86,    87,   444,   446,   349,   100,    92,    93,
      94,    95,    96,    12,    10,    99,   102,    58,    59,    60,
      61,   461,   100,    73,    74,    75,     9,   467,   456,     0,
     471,    73,    74,    75,    73,    74,    75,   100,     9,    71,
      11,    12,   102,   484,    85,    86,    87,     9,   488,   477,
     100,    92,    93,    94,    95,    96,   101,   100,    99,   499,
     102,    70,   490,   102,   100,   506,   100,   102,    39,    40,
      41,    42,    19,   513,   100,    46,   100,    48,    12,    98,
      51,     3,     4,     5,     6,     7,     8,    58,    59,    60,
      61,    73,    74,    75,    33,   456,   512,    73,    74,    75,
     198,    82,    73,    74,    75,     0,    77,    78,    79,    80,
      81,    82,    83,    84,    85,    86,    87,    12,   372,   420,
     102,    92,    93,    94,    95,    96,   102,   387,    99,   100,
      -1,   102,   207,    58,   105,    60,    61,    94,    95,    96,
      -1,    -1,    99,    -1,    39,    40,    41,    42,    -1,    -1,
      -1,    46,    -1,    48,    -1,    -1,    51,    -1,    -1,    -1,
      -1,    86,    87,    58,    59,    60,    61,    92,    93,    94,
      95,    96,    -1,    -1,    99,    -1,    -1,    -1,    73,    74,
      75,    -1,    77,    78,    79,    80,    81,    82,    83,    84,
      85,    86,    87,    73,    74,    75,    -1,    92,    93,    94,
      95,    96,     0,     1,    99,   100,    -1,   102,    -1,    -1,
     105,     9,    -1,    11,    -1,    13,    14,    15,    16,    17,
     100,    -1,    20,    21,    22,    23,    24,    -1,    26,    27,
      28,    29,    30,    31,    32,    33,    34,    35,    36,    37,
      38,    39,    40,    41,    42,    -1,    -1,    60,    46,    47,
      48,    49,    50,    -1,    52,    53,    54,    55,    56,    57,
      -1,    73,    74,    75,    62,    63,    64,    65,    66,    67,
      68,    73,    74,    75,    87,    -1,    -1,    -1,    76,    92,
      93,    94,    95,    96,    -1,    -1,    99,    -1,   100,    -1,
      88,    89,    90,    -1,    -1,    -1,    -1,    -1,   100,    97,
      98,     0,     1,   101,   102,   103,   104,    -1,    -1,    -1,
       9,    -1,    11,    -1,    13,    14,    15,    16,    17,    -1,
      -1,    20,    21,    22,    23,    24,    -1,    26,    27,    28,
      29,    30,    31,    32,    33,    34,    35,    36,    37,    38,
      39,    40,    41,    42,    -1,    -1,    -1,    46,    47,    48,
      49,    50,    -1,    52,    53,    54,    55,    56,    57,    -1,
      -1,    -1,    -1,    62,    63,    64,    65,    66,    67,    68,
      -1,    -1,    -1,    87,    -1,    -1,    -1,    76,    92,    93,
      94,    95,    96,    -1,    -1,    99,    -1,    -1,    -1,    88,
      89,    90,    -1,    -1,    -1,    -1,    -1,    -1,    97,    98,
       1,    -1,   101,   102,   103,   104,    -1,    -1,     9,    10,
      11,    -1,    13,    14,    15,    16,    17,    -1,    -1,    20,
      21,    22,    23,    24,    -1,    26,    27,    28,    29,    30,
      31,    32,    33,    34,    35,    36,    37,    38,    39,    40,
      41,    42,    -1,    -1,    -1,    46,    47,    48,    49,    50,
      -1,    52,    53,    54,    55,    56,    57,    -1,    -1,    -1,
      -1,    62,    63,    64,    65,    66,    67,    68,    -1,    92,
      93,    94,    95,    96,    -1,    76,    99,    -1,    -1,    -1,
      -1,    -1,    -1,    -1,    -1,    -1,    -1,    88,    89,    90,
      -1,    -1,    -1,    -1,    -1,    -1,    97,    98,     1,    -1,
     101,   102,   103,   104,    -1,    -1,     9,    10,    11,    -1,
      13,    14,    15,    16,    17,    -1,    -1,    20,    21,    22,
      23,    24,    -1,    26,    27,    28,    29,    30,    31,    32,
      33,    34,    35,    36,    37,    38,    39,    40,    41,    42,
      -1,    -1,    -1,    46,    47,    48,    49,    50,    -1,    52,
      53,    54,    55,    56,    57,    -1,    -1,    -1,    -1,    62,
      63,    64,    65,    66,    67,    68,    -1,    -1,    -1,    -1,
      -1,    -1,    -1,    76,    -1,    -1,    -1,    -1,    -1,    -1,
      -1,    -1,    -1,    -1,    -1,    88,    89,    90,    -1,    -1,
      -1,    -1,    -1,    -1,    97,    98,     1,    -1,   101,   102,
     103,   104,    -1,    -1,     9,    10,    11,    -1,    13,    14,
      15,    16,    17,    -1,    -1,    20,    21,    22,    23,    24,
      -1,    26,    27,    28,    29,    30,    31,    32,    33,    34,
      35,    36,    37,    38,    39,    40,    41,    42,    -1,    -1,
      -1,    46,    47,    48,    49,    50,    -1,    52,    53,    54,
      55,    56,    57,    -1,    -1,    -1,    -1,    62,    63,    64,
      65,    66,    67,    68,    -1,    -1,    -1,    -1,    -1,    -1,
      -1,    76,    -1,    -1,    -1,    -1,    -1,    -1,    -1,    -1,
      -1,    -1,    -1,    88,    89,    90,    -1,    -1,    -1,    -1,
      -1,    -1,    97,    98,     1,    -1,   101,   102,   103,   104,
      -1,    -1,     9,    10,    11,    -1,    13,    14,    15,    16,
      17,    -1,    -1,    20,    21,    22,    23,    24,    -1,    26,
      27,    28,    29,    30,    31,    32,    33,    34,    35,    36,
      37,    38,    39,    40,    41,    42,    -1,    -1,    -1,    46,
      47,    48,    49,    50,    -1,    52,    53,    54,    55,    56,
      57,    -1,    -1,    -1,    -1,    62,    63,    64,    65,    66,
      67,    68,    -1,    -1,    -1,    -1,    -1,    -1,    -1,    76,
      -1,    -1,    -1,    -1,    -1,    -1,    -1,    -1,    -1,    -1,
      -1,    88,    89,    90,    -1,    -1,    -1,    -1,    -1,    -1,
      97,    98,     1,    -1,   101,   102,   103,   104,    -1,    -1,
       9,    10,    11,    -1,    13,    14,    15,    16,    17,    -1,
      -1,    20,    21,    22,    23,    24,    -1,    26,    27,    28,
      29,    30,    31,    32,    33,    34,    35,    36,    37,    38,
      39,    40,    41,    42,    -1,    -1,    -1,    46,    47,    48,
      49,    50,    -1,    52,    53,    54,    55,    56,    57,    -1,
      -1,    -1,    -1,    62,    63,    64,    65,    66,    67,    68,
      -1,    -1,    -1,    -1,    -1,    -1,    -1,    76,    -1,    -1,
      -1,    -1,    -1,    -1,    -1,    -1,    -1,    -1,    -1,    88,
      89,    90,    -1,    -1,    -1,    -1,    -1,    -1,    97,    98,
       1,    -1,   101,   102,   103,   104,    -1,    -1,     9,    -1,
      11,    -1,    13,    14,    15,    16,    17,    -1,    -1,    20,
      21,    22,    23,    24,    -1,    26,    27,    28,    29,    30,
      31,    32,    33,    34,    35,    36,    37,    38,    39,    40,
      41,    42,    -1,    -1,    -1,    46,    47,    48,    49,    50,
      -1,    52,    53,    54,    55,    56,    57,    -1,    -1,    -1,
      -1,    62,    63,    64,    65,    66,    67,    68,    -1,    -1,
      71,    -1,    -1,    -1,    -1,    76,    -1,    -1,    -1,    -1,
      -1,    -1,    -1,    -1,    -1,    -1,    -1,    88,    89,    90,
      -1,    -1,    -1,    -1,    -1,    -1,    97,    98,     1,    -1,
     101,   102,   103,   104,    -1,    -1,     9,    -1,    11,    -1,
      13,    14,    15,    16,    17,    -1,    -1,    20,    21,    22,
      23,    24,    -1,    26,    27,    28,    29,    30,    31,    32,
      33,    34,    35,    36,    37,    38,    39,    40,    41,    42,
      -1,    -1,    -1,    46,    47,    48,    49,    50,    -1,    52,
      53,    54,    55,    56,    57,    -1,    -1,    -1,    -1,    62,
      63,    64,    65,    66,    67,    68,    -1,    -1,    -1,    -1,
      -1,    -1,    -1,    76,    -1,    -1,    -1,    -1,    -1,    -1,
      -1,    -1,    -1,    -1,    -1,    88,    89,    90,    -1,    -1,
      -1,    -1,    -1,    -1,    97,    98,     1,    -1,   101,   102,
     103,   104,    -1,    -1,     9,    -1,    11,    -1,    13,    14,
      15,    16,    17,    -1,    -1,    20,    21,    22,    23,    24,
      -1,    26,    27,    28,    29,    30,    31,    32,    -1,    34,
      35,    36,    37,    38,    39,    40,    41,    42,    -1,    -1,
      -1,    46,    47,    48,    49,    50,    -1,    52,    53,    54,
      55,    56,    57,    -1,    -1,    -1,    -1,    62,    63,    64,
      65,    66,    67,    68,    -1,    -1,    -1,    -1,    -1,    -1,
      -1,    76,    -1,    -1,    -1,    -1,    -1,    -1,    -1,    -1,
      -1,    -1,    -1,    88,    89,    90,    -1,    -1,    -1,    -1,
       1,    -1,    97,    98,    -1,    -1,   101,   102,   103,   104,
      11,    -1,    13,    14,    15,    16,    17,    -1,    -1,    20,
      21,    22,    23,    24,    -1,    26,    27,    28,    29,    30,
      31,    -1,    -1,    -1,    -1,    36,    -1,    -1,    51,    -1,
      -1,    -1,    -1,    -1,    -1,    58,    59,    60,    61,    50,
      -1,    52,    53,    54,    55,    56,    57,    -1,    -1,    -1,
      -1,    62,    63,    64,    65,    66,    67,    68,    81,    82,
      83,    84,    85,    86,    87,    76,    -1,    -1,    -1,    92,
      93,    94,    95,    96,    -1,    -1,    99,    88,    89,    90,
      -1,    -1,    -1,    -1,     1,    -1,    97,    98,    -1,    -1,
     101,   102,   103,   104,    11,    -1,    13,    14,    15,    16,
      17,    -1,    -1,    20,    21,    22,    23,    24,    -1,    26,
      27,    28,    29,    30,    31,    -1,    -1,    -1,    -1,    36,
      -1,    -1,    -1,    -1,    -1,    -1,    58,    59,    60,    61,
      -1,    -1,    -1,    50,    -1,    52,    53,    54,    55,    56,
      57,    -1,    -1,    -1,    -1,    62,    63,    64,    65,    66,
      67,    68,    84,    85,    86,    87,    -1,    -1,    -1,    76,
      92,    93,    94,    95,    96,    -1,    -1,    99,    -1,    -1,
      -1,    88,    89,    90,    -1,    -1,    -1,    -1,    -1,    -1,
      97,    98,    -1,   100,   101,    -1,   103,   104,     9,    -1,
      11,    -1,    13,    14,    15,    16,    17,    -1,    -1,    20,
      21,    22,    23,    24,    25,    26,    27,    28,    29,    30,
      31,    -1,    -1,    -1,    -1,    36,    -1,    -1,    -1,    -1,
      -1,    -1,    58,    59,    60,    61,    -1,    -1,    -1,    50,
      -1,    52,    53,    54,    55,    56,    57,    -1,    -1,    -1,
      -1,    62,    63,    64,    65,    66,    67,    68,    -1,    -1,
      86,    87,    -1,    -1,    -1,    76,    92,    93,    94,    95,
      96,    -1,    -1,    99,    -1,    -1,    -1,    88,    89,    90,
      -1,    -1,    -1,    -1,    -1,    -1,    97,    98,    -1,    -1,
     101,    -1,   103,   104,     9,    -1,    11,    -1,    13,    14,
      15,    16,    17,    -1,    -1,    20,    21,    22,    23,    24,
      -1,    26,    27,    28,    29,    30,    31,    -1,    -1,    -1,
      -1,    36,    -1,    -1,    -1,    -1,    -1,    -1,    -1,    -1,
      60,    61,    -1,    -1,    -1,    50,    -1,    52,    53,    54,
      55,    56,    57,    -1,    -1,    -1,    -1,    62,    63,    64,
      65,    66,    67,    68,    -1,    -1,    -1,    87,    -1,    -1,
      -1,    76,    92,    93,    94,    95,    96,    -1,    -1,    99,
      -1,    -1,    -1,    88,    89,    90,    -1,    -1,    39,    40,
      41,    42,    97,    98,    -1,    46,   101,    48,   103,   104,
      11,    12,    13,    14,    15,    16,    17,    -1,    -1,    20,
      21,    22,    23,    24,    -1,    26,    27,    28,    29,    30,
      31,    -1,    73,    74,    75,    36,    -1,    -1,    -1,    -1,
      -1,    -1,    -1,    -1,    -1,    -1,    -1,    -1,    -1,    50,
      -1,    52,    53,    54,    55,    56,    57,    -1,    -1,    -1,
      -1,    62,    63,    64,    65,    66,    67,    68,    -1,    -1,
      -1,    -1,    -1,    -1,    -1,    76,    -1,    -1,    -1,    -1,
      -1,    -1,    -1,    -1,    -1,    -1,    -1,    88,    89,    90,
      -1,    -1,    -1,    -1,    -1,    -1,    97,    98,    -1,    -1,
     101,    -1,   103,   104,    11,    -1,    13,    14,    15,    16,
      17,    -1,    -1,    20,    21,    22,    23,    24,    -1,    26,
      27,    28,    29,    30,    31,    -1,    -1,    -1,    -1,    36,
      -1,    -1,    -1,    -1,    -1,    -1,    -1,    -1,    -1,    -1,
      -1,    -1,    -1,    50,    -1,    52,    53,    54,    55,    56,
      57,    -1,    -1,    -1,    -1,    62,    63,    64,    65,    66,
      67,    68,    -1,    -1,    -1,    -1,    -1,    -1,    -1,    76,
      -1,    -1,    -1,    -1,    -1,    -1,    -1,    -1,    -1,    -1,
      -1,    88,    89,    90,    -1,    -1,    -1,    -1,    -1,    -1,
      97,    98,    -1,    -1,   101,   102,   103,   104,    11,    -1,
      13,    14,    15,    16,    17,    -1,    -1,    20,    21,    22,
      23,    24,    -1,    26,    27,    28,    29,    30,    31,    -1,
      -1,    -1,    -1,    36,    -1,    -1,    -1,    -1,    -1,    -1,
      -1,    -1,    -1,    -1,    -1,    -1,    -1,    50,    -1,    52,
      53,    54,    55,    56,    57,    -1,    -1,    -1,    -1,    62,
      63,    64,    65,    66,    67,    68,    -1,    -1,    -1,    -1,
      -1,    -1,    -1,    76,    -1,    -1,    -1,    -1,    -1,    -1,
      -1,    -1,    -1,    -1,    -1,    88,    89,    90,    -1,    -1,
      -1,    -1,    -1,    -1,    97,    98,    -1,   100,   101,    -1,
     103,   104,    11,    -1,    13,    14,    15,    16,    17,    -1,
      -1,    20,    21,    22,    23,    24,    -1,    26,    27,    28,
      29,    30,    31,    -1,    -1,    -1,    -1,    36,    -1,    -1,
      -1,    -1,    -1,    -1,    -1,    -1,    -1,    -1,    -1,    -1,
      -1,    50,    -1,    52,    53,    54,    55,    56,    57,    -1,
      -1,    -1,    -1,    62,    63,    64,    65,    66,    67,    68,
      -1,    -1,    -1,    -1,    -1,    -1,    -1,    76,    -1,    -1,
      -1,    -1,    -1,    -1,    -1,    -1,    -1,    -1,    -1,    88,
      89,    90,    -1,    -1,    -1,    -1,    -1,    -1,    97,    98,
      -1,   100,   101,    -1,   103,   104,    11,    -1,    13,    14,
      15,    16,    17,    -1,    -1,    20,    21,    22,    23,    24,
      -1,    26,    27,    28,    29,    30,    31,    -1,    -1,    -1,
      -1,    36,    -1,    -1,    -1,    -1,    -1,    -1,    -1,    -1,
      -1,    -1,    -1,    -1,    -1,    50,    -1,    52,    53,    54,
      55,    56,    57,    -1,    -1,    -1,    -1,    62,    63,    64,
      65,    66,    67,    68,    -1,    -1,    -1,    -1,    -1,    -1,
      -1,    76,    -1,    -1,    -1,    -1,    -1,    -1,    -1,    -1,
      -1,    -1,    -1,    88,    89,    90,    -1,    -1,    -1,    -1,
      -1,    -1,    97,    98,    -1,   100,   101,    -1,   103,   104,
      11,    -1,    13,    14,    15,    16,    17,    -1,    -1,    20,
      21,    22,    23,    24,    -1,    26,    27,    28,    29,    30,
      31,    -1,    -1,    -1,    -1,    36,    -1,    -1,    -1,    -1,
      -1,    -1,    -1,    -1,    -1,    -1,    -1,    -1,    -1,    50,
      -1,    52,    53,    54,    55,    56,    57,    -1,    -1,    -1,
      -1,    62,    63,    64,    65,    66,    67,    68,    -1,    -1,
      -1,    -1,    -1,    -1,    -1,    76,    -1,    -1,    -1,    -1,
      -1,    -1,    -1,    -1,    -1,    -1,    -1,    88,    89,    90,
      -1,    -1,    -1,    -1,    -1,    -1,    97,    98,    -1,   100,
     101,    -1,   103,   104,    11,    -1,    13,    14,    15,    16,
      17,    -1,    -1,    20,    21,    22,    23,    24,    -1,    26,
      27,    28,    29,    30,    31,    -1,    -1,    -1,    -1,    36,
      -1,    -1,    -1,    -1,    -1,    -1,    -1,    -1,    -1,    -1,
      -1,    -1,    -1,    50,    -1,    52,    53,    54,    55,    56,
      57,    -1,    -1,    -1,    -1,    62,    63,    64,    65,    66,
      67,    68,    -1,    -1,    -1,    -1,    -1,    -1,    -1,    76,
      -1,    -1,    -1,    -1,    -1,    -1,    -1,    -1,    -1,    -1,
      -1,    88,    89,    90,    -1,    -1,    -1,    -1,    -1,    -1,
      97,    98,    -1,   100,   101,    -1,   103,   104,    11,    -1,
      13,    14,    15,    16,    17,    -1,    -1,    20,    21,    22,
      23,    24,    -1,    26,    27,    28,    29,    30,    31,    -1,
      -1,    -1,    -1,    36,    -1,    -1,    -1,    -1,    -1,    -1,
      -1,    -1,    -1,    -1,    -1,    -1,    -1,    50,    -1,    52,
      53,    54,    55,    56,    57,    -1,    -1,    -1,    -1,    62,
      63,    64,    65,    66,    67,    68,    -1,    -1,    -1,    -1,
      -1,    -1,    -1,    76,    -1,    -1,    -1,    -1,    -1,    -1,
      -1,    -1,    -1,    -1,    -1,    88,    89,    90,    -1,    -1,
      -1,    -1,    -1,    -1,    97,    98,    -1,   100,   101,    -1,
     103,   104,    11,    -1,    13,    14,    15,    16,    17,    -1,
      -1,    20,    21,    22,    23,    24,    -1,    26,    27,    28,
      29,    30,    31,    -1,    -1,    -1,    -1,    36,    -1,    -1,
      -1,    -1,    -1,    -1,    -1,    -1,    -1,    -1,    -1,    -1,
      -1,    50,    -1,    52,    53,    54,    55,    56,    57,    -1,
      -1,    -1,    -1,    62,    63,    64,    65,    66,    67,    68,
      -1,    -1,    -1,    -1,    -1,    -1,    -1,    76,    -1,    -1,
      -1,    -1,    -1,    -1,    -1,    51,    -1,    -1,    -1,    88,
      89,    90,    58,    59,    60,    61,    -1,    -1,    97,    98,
      -1,    -1,   101,    -1,   103,   104,    -1,    -1,    -1,    -1,
      -1,    -1,    78,    79,    80,    81,    82,    83,    84,    85,
      86,    87,    -1,    -1,    -1,    -1,    92,    93,    94,    95,
      96,    51,    -1,    99,    -1,    -1,    -1,    -1,    58,    59,
      60,    61,    -1,    -1,    -1,    -1,    -1,    -1,    -1,    -1,
      -1,    -1,    -1,    -1,    -1,    -1,    -1,    -1,    78,    79,
      -1,    81,    82,    83,    84,    85,    86,    87,    -1,    -1,
      -1,    -1,    92,    93,    94,    95,    96,    51,    -1,    99,
      -1,    -1,    -1,    -1,    58,    59,    60,    61,    -1,    -1,
      -1,    -1,    -1,    -1,    -1,    -1,    -1,    -1,    -1,    -1,
      -1,    -1,    -1,    -1,    -1,    79,    -1,    81,    82,    83,
      84,    85,    86,    87,    -1,    -1,    -1,    -1,    92,    93,
      94,    95,    96,    -1,    -1,    99
};

/* YYSTOS[STATE-NUM] -- The (internal number of the) accessing
   symbol of state STATE-NUM.  */
static const yytype_uint8 yystos[] =
{
       0,     3,     4,     5,     6,     7,     8,   107,   108,   109,
     110,   111,   112,   113,     0,   116,    11,    13,    14,    15,
      16,    17,    20,    21,    22,    23,    24,    26,    27,    28,
      29,    30,    31,    36,    50,    52,    53,    54,    55,    56,
      57,    62,    63,    64,    65,    66,    67,    68,    76,    88,
      89,    90,    97,    98,   101,   103,   104,   154,   155,   156,
     159,   160,   161,   162,   163,   164,   166,   169,   176,   177,
     178,   180,   181,   182,   183,   184,   185,     9,   114,     1,
      32,    34,    35,    37,    38,    39,    40,    41,    42,    46,
      47,    48,    49,   102,   114,   123,   133,   154,    33,   121,
     122,   123,   119,   119,    12,   154,   164,   164,    20,    25,
     114,   177,   186,   186,   186,   186,   186,   165,    11,   101,
     164,   145,   145,   164,   101,   101,   101,   114,   164,    20,
     155,   168,   177,   186,   186,   114,   164,   102,   154,    20,
      25,   147,   164,    15,   101,   167,   177,   178,   179,   180,
     164,   155,   164,   164,   164,   164,   164,   100,   154,   186,
     186,    73,    74,    75,    77,     9,    11,   101,    51,    58,
      59,    60,    61,    78,    79,    81,    82,    83,    84,    85,
      86,    87,    92,    93,    94,    95,    96,    99,   101,     9,
      11,     9,    11,     9,    11,     9,   116,   146,   147,    20,
     144,   101,   101,   101,   101,    26,    67,    90,   101,   171,
     177,   101,   101,   114,    45,   135,   102,    39,    40,    41,
      42,    46,    48,   122,   123,   121,    12,   168,   101,   101,
     154,   100,   114,    23,   116,   148,   100,   100,   154,   169,
     186,   155,    10,   102,   168,    25,   100,   154,    69,   150,
      11,   100,   154,   154,   154,   164,   154,   154,   100,   154,
     164,   164,   164,   164,   164,   164,   164,   164,   164,   164,
     164,   164,   164,   164,   164,     9,    11,    15,    16,    17,
      21,    62,   101,   103,   104,   158,   177,   100,   154,   154,
     154,   154,   154,   154,   154,   154,   119,    20,   143,   144,
      20,   126,   116,   116,   116,   116,   172,   116,    67,   174,
     175,   176,   177,   178,   180,   116,   116,   101,   171,   116,
     116,   114,   154,   139,   154,   154,   154,   154,   154,   169,
     155,    12,   157,   101,   151,    69,   149,   100,   100,   154,
      10,    11,   100,    23,   154,    11,   102,    12,   100,    80,
     154,   154,   104,   104,   104,   104,   100,   154,   104,   104,
     101,   100,   102,    12,   102,    12,   102,    12,   102,    10,
      18,   115,   124,   125,     9,   102,    20,   138,   154,   139,
     140,   154,   139,   142,   101,   173,   177,   116,   171,   133,
     137,   141,   140,   116,   140,   140,   100,   105,   170,   168,
     152,   149,    23,   114,   100,    23,    12,   154,    10,   164,
     102,    12,   100,   169,    10,    10,    10,    10,   116,   148,
     116,   116,    20,   100,   100,   100,   100,   171,   174,   116,
     102,   100,   140,   100,   100,   154,   100,   100,     9,    12,
      12,    10,   100,   102,   149,   151,   130,   168,   136,   136,
       9,   117,   117,   140,   129,   140,   127,   117,   100,   117,
     117,   119,    71,   102,   114,   153,   149,   119,   102,   117,
     117,   118,    43,    44,   134,   134,   100,   171,   100,   138,
     135,   117,    10,   120,     9,    10,   135,   135,   119,   117,
     101,   117,   140,   117,   102,   135,    23,   102,   131,   119,
      10,   140,   135,   100,   135,   128,    70,   132,    19,    10,
     100,   117,   136,   119,   117,   135,   141,    71,   134,   100,
     117
};

typedef enum {
	toketype_ival, toketype_opval, toketype_pval
} toketypes;

/* type of each token/terminal */
static const toketypes yy_type_tab[] =
{
  toketype_ival, toketype_ival, toketype_ival, toketype_ival, toketype_ival, toketype_ival,
  toketype_ival, toketype_ival, toketype_ival, toketype_ival, toketype_ival, toketype_ival,
  toketype_ival, toketype_ival, toketype_ival, toketype_ival, toketype_ival, toketype_ival, toketype_ival, toketype_ival, toketype_opval, toketype_opval,
  toketype_opval, toketype_opval, toketype_opval, toketype_opval, toketype_opval, toketype_opval,
  toketype_opval, toketype_opval, toketype_opval, toketype_opval, toketype_opval, toketype_pval,
  toketype_ival, toketype_ival, toketype_ival, toketype_ival, toketype_ival, toketype_ival, toketype_ival, toketype_ival,
  toketype_ival, toketype_ival, toketype_ival, toketype_ival, toketype_ival, toketype_ival, toketype_ival, toketype_ival,
  toketype_ival, toketype_ival, toketype_ival, toketype_ival, toketype_ival, toketype_ival, toketype_ival,
  toketype_ival, toketype_ival, toketype_ival, toketype_ival, toketype_ival, toketype_ival, toketype_ival,
  toketype_ival, toketype_ival, toketype_ival, toketype_ival, toketype_ival, toketype_ival,
  toketype_ival, toketype_ival, toketype_ival, toketype_ival, toketype_ival, toketype_ival,
  toketype_ival, toketype_ival, toketype_ival, toketype_ival, toketype_ival, toketype_ival, toketype_ival, toketype_ival,
  toketype_ival, toketype_ival, toketype_ival, toketype_ival, toketype_ival, toketype_ival, toketype_ival,
  toketype_ival, toketype_ival, toketype_ival, toketype_ival, toketype_ival, toketype_ival, toketype_ival,
  toketype_ival, toketype_ival, toketype_ival, toketype_ival, toketype_ival, toketype_ival, toketype_ival, toketype_ival, toketype_ival,
  toketype_ival, toketype_ival, toketype_ival, toketype_ival, toketype_ival, toketype_ival, toketype_ival, toketype_opval,
  toketype_opval, toketype_ival, toketype_opval, toketype_ival, toketype_opval, toketype_opval,
  toketype_opval, toketype_opval, toketype_opval, toketype_ival, toketype_ival, toketype_ival, toketype_ival,
  toketype_ival, toketype_ival, toketype_ival, toketype_opval, toketype_opval, toketype_opval, toketype_opval, toketype_opval,
  toketype_ival, toketype_opval, toketype_opval, toketype_opval, toketype_opval, toketype_opval, toketype_opval,
  toketype_opval, toketype_ival, toketype_ival, toketype_ival, toketype_opval,
  toketype_opval, toketype_opval, toketype_opval, toketype_opval, toketype_ival,
  toketype_opval, toketype_opval, toketype_opval, toketype_opval, toketype_ival, toketype_opval,
  toketype_opval, toketype_opval, toketype_opval, toketype_opval, toketype_opval, toketype_opval,
  toketype_ival, toketype_opval, toketype_opval, toketype_opval, toketype_opval, toketype_opval,
  toketype_ival, toketype_ival, toketype_opval, toketype_opval, toketype_opval, toketype_opval,
  toketype_opval, toketype_opval, toketype_opval, toketype_opval, toketype_opval, toketype_opval, toketype_opval,
  toketype_opval, toketype_opval, toketype_opval
};

/* Generated from:
 * b309ef7b8869784197b46f104b8f7c90934e58109cbc6938aecf2526bd786673 perly.y
<<<<<<<
 * 591f14582f45c23aafe25c628115ee955b4e7435b3efa2667fbf93661448100b regen_perly.pl
=======
 * 6da94fc09ee67416fa6399400bdf7b3d76f4f63ca704a9ea882e66344942c7cb regen_perly.pl
>>>>>>>
 * ex: set ro: */
