/* ex: set ro ft=c: -*- buffer-read-only: t -*-
   !!!!!!!   DO NOT EDIT THIS FILE   !!!!!!!
   This file is built by regen_perly.pl from perly.y.
   Any changes made here will be lost!
 */

#define YYFINAL  14
/* YYLAST -- Last index in YYTABLE.  */
#define YYLAST   3156

/* YYNTOKENS -- Number of terminals.  */
#define YYNTOKENS  111
/* YYNNTS -- Number of nonterminals.  */
#define YYNNTS  80
/* YYNRULES -- Number of rules.  */
#define YYNRULES  261
/* YYNRULES -- Number of states.  */
#define YYNSTATES  528

/* YYTRANSLATE(YYLEX) -- Bison symbol number corresponding to YYLEX.  */
#define YYUNDEFTOK  2
#define YYMAXUTOK   343

#define YYTRANSLATE(YYX)						\
  ((unsigned int) (YYX) <= YYMAXUTOK ? yytranslate[YYX] : YYUNDEFTOK)

/* YYTRANSLATE[YYLEX] -- Bison symbol number corresponding to YYLEX.  */
static const yytype_uint8 yytranslate[] =
{
       0,     2,     2,     2,     2,     2,     2,     2,     2,     2,
       2,     2,     2,     2,     2,     2,     2,     2,     2,     2,
       2,     2,     2,     2,     2,     2,     2,     2,     2,     2,
       2,     2,     2,    93,     2,     2,   108,    16,    17,     2,
     106,   105,   109,    14,    82,    13,    19,   110,     2,     2,
       2,     2,     2,     2,     2,     2,     2,     2,    85,   107,
       2,    18,     2,    84,    15,     2,     2,     2,     2,     2,
       2,     2,     2,     2,     2,     2,     2,     2,     2,     2,
       2,     2,     2,     2,     2,     2,     2,     2,     2,     2,
       2,    11,     2,    12,     2,     2,     2,     2,     2,     2,
       2,     2,     2,     2,     2,     2,     2,     2,     2,     2,
       2,     2,     2,     2,     2,     2,     2,     2,     2,     2,
       2,     2,     2,     9,     2,    10,    94,     2,     2,     2,
       2,     2,     2,     2,     2,     2,     2,     2,     2,     2,
       2,     2,     2,     2,     2,     2,     2,     2,     2,     2,
       2,     2,     2,     2,     2,     2,     2,     2,     2,     2,
       2,     2,     2,     2,     2,     2,     2,     2,     2,     2,
       2,     2,     2,     2,     2,     2,     2,     2,     2,     2,
       2,     2,     2,     2,     2,     2,     2,     2,     2,     2,
       2,     2,     2,     2,     2,     2,     2,     2,     2,     2,
       2,     2,     2,     2,     2,     2,     2,     2,     2,     2,
       2,     2,     2,     2,     2,     2,     2,     2,     2,     2,
       2,     2,     2,     2,     2,     2,     2,     2,     2,     2,
       2,     2,     2,     2,     2,     2,     2,     2,     2,     2,
       2,     2,     2,     2,     2,     2,     2,     2,     2,     2,
       2,     2,     2,     2,     2,     2,     1,     2,     3,     4,
       5,     6,     7,     8,    20,    21,    22,    23,    24,    25,
      26,    27,    28,    29,    30,    31,    32,    33,    34,    35,
      36,    37,    38,    39,    40,    41,    42,    43,    44,    45,
      46,    47,    48,    49,    50,    51,    52,    53,    54,    55,
      56,    57,    58,    59,    60,    61,    62,    63,    64,    65,
      66,    67,    68,    69,    70,    71,    72,    73,    74,    75,
      76,    77,    78,    79,    80,    81,    83,    86,    87,    88,
      89,    90,    91,    92,    95,    96,    97,    98,    99,   100,
     101,   102,   103,   104
};

#if YYDEBUG
/* YYPRHS[YYN] -- Index of the first RHS symbol of rule number YYN in
   YYRHS.  */
static const yytype_uint16 yyprhs[] =
{
       0,     0,     3,     4,     9,    10,    14,    15,    19,    20,
      24,    25,    29,    30,    34,    39,    47,    48,    53,    54,
      55,    58,    59,    62,    64,    66,    69,    72,    74,    79,
      80,    88,    89,   100,   105,   106,   114,   122,   130,   137,
     144,   147,   156,   165,   166,   167,   181,   191,   200,   201,
     213,   223,   231,   234,   235,   244,   245,   253,   256,   258,
     261,   262,   266,   268,   270,   274,   278,   282,   286,   290,
     294,   295,   298,   305,   306,   309,   310,   311,   313,   314,
     316,   318,   320,   322,   324,   326,   327,   329,   331,   333,
     334,   335,   336,   338,   340,   341,   343,   344,   347,   349,
     352,   354,   358,   362,   364,   366,   370,   374,   378,   380,
     383,   387,   389,   393,   399,   406,   410,   414,   420,   423,
     428,   429,   435,   437,   439,   445,   450,   456,   461,   467,
     474,   480,   485,   491,   496,   500,   507,   512,   518,   522,
     526,   530,   534,   538,   542,   546,   550,   554,   558,   562,
     566,   570,   574,   577,   580,   583,   586,   589,   592,   595,
     598,   601,   604,   608,   611,   616,   620,   626,   635,   638,
     641,   643,   645,   647,   649,   655,   658,   660,   663,   667,
     669,   672,   674,   676,   678,   680,   682,   684,   689,   694,
     700,   706,   708,   710,   714,   719,   723,   728,   733,   738,
     743,   748,   750,   753,   756,   758,   761,   764,   766,   769,
     771,   774,   776,   780,   782,   786,   788,   792,   797,   798,
     805,   807,   809,   811,   813,   817,   820,   824,   827,   829,
     831,   833,   835,   836,   838,   839,   841,   842,   845,   847,
     849,   851,   853,   855,   857,   860,   863,   866,   872,   875,
     878,   883,   886,   888,   892,   894,   898,   900,   904,   906,
     908,   910
};

/* YYRHS -- A `-1'-separated list of the rules' RHS.  */
static const yytype_int16 yyrhs[] =
{
     112,     0,    -1,    -1,     3,   113,   121,   124,    -1,    -1,
       4,   114,   175,    -1,    -1,     5,   115,   119,    -1,    -1,
       6,   116,   128,    -1,    -1,     7,   117,   126,    -1,    -1,
       8,   118,   124,    -1,     9,   121,   124,    10,    -1,    18,
     121,   107,    74,   125,   107,    19,    -1,    -1,     9,   123,
     124,    10,    -1,    -1,    -1,   124,   126,    -1,    -1,   125,
     137,    -1,   128,    -1,   127,    -1,    33,   128,    -1,    33,
     127,    -1,    32,    -1,    34,   153,   149,   120,    -1,    -1,
     150,   154,   151,   129,   155,   156,   159,    -1,    -1,   150,
     154,   151,   130,   121,   158,   156,     9,   124,    10,    -1,
      39,    20,    20,   107,    -1,    -1,    41,   151,   131,    20,
      20,   174,   107,    -1,    44,   106,   121,   146,   105,   122,
     140,    -1,    45,   106,   121,   148,   105,   122,   140,    -1,
      50,   106,   121,   146,   105,   122,    -1,    51,   106,   121,
     146,   105,   122,    -1,    52,   119,    -1,    42,   106,   121,
     144,   105,   142,   122,   141,    -1,    43,   106,   121,   145,
     105,   142,   122,   141,    -1,    -1,    -1,    49,   106,   121,
     147,   107,   132,   144,   107,   133,   142,   147,   105,   122,
      -1,    49,    70,   121,   177,   106,   146,   105,   122,   141,
      -1,    49,   181,   106,   121,   146,   105,   122,   141,    -1,
      -1,    49,    95,    70,   121,   178,   134,   106,   146,   105,
     122,   141,    -1,    49,    95,   179,   106,   121,   146,   105,
     122,   141,    -1,    49,   106,   121,   146,   105,   122,   141,
      -1,   119,   141,    -1,    -1,    39,    20,    20,     9,   121,
     135,   124,    10,    -1,    -1,    40,    20,     9,   121,   136,
     124,    10,    -1,   139,   107,    -1,   107,    -1,    23,   138,
      -1,    -1,    73,   124,    74,    -1,     1,    -1,   160,    -1,
     160,    44,   160,    -1,   160,    45,   160,    -1,   160,    42,
     160,    -1,   160,    43,   145,    -1,   160,    49,   160,    -1,
     160,    51,   160,    -1,    -1,    46,   122,    -1,    47,   106,
     146,   105,   122,   140,    -1,    -1,    48,   119,    -1,    -1,
      -1,   139,    -1,    -1,   160,    -1,   160,    -1,   160,    -1,
     143,    -1,   145,    -1,    20,    -1,    -1,    35,    -1,    36,
      -1,    37,    -1,    -1,    -1,    -1,    20,    -1,    25,    -1,
      -1,    23,    -1,    -1,    72,    23,    -1,    72,    -1,    72,
      23,    -1,    72,    -1,   106,    76,   105,    -1,   106,    75,
     105,    -1,   119,    -1,   107,    -1,   160,    80,   160,    -1,
     160,    79,   160,    -1,   160,    78,   160,    -1,   161,    -1,
     161,    82,    -1,   161,    82,   170,    -1,   170,    -1,    60,
     190,   161,    -1,    58,   106,   190,   160,   105,    -1,   170,
     104,   164,   106,   175,   105,    -1,   170,   104,   164,    -1,
      21,   190,   174,    -1,    22,   190,   106,   175,   105,    -1,
      60,   174,    -1,    58,   106,   175,   105,    -1,    -1,    30,
     152,   119,   163,   174,    -1,    21,    -1,   181,    -1,   189,
       9,   160,   107,    10,    -1,   181,    11,   160,    12,    -1,
     170,   104,    11,   160,    12,    -1,   165,    11,   160,    12,
      -1,   181,     9,   160,   107,    10,    -1,   170,   104,     9,
     160,   107,    10,    -1,   165,     9,   160,   107,    10,    -1,
     170,   104,   106,   105,    -1,   170,   104,   106,   160,   105,
      -1,   165,   106,   160,   105,    -1,   165,   106,   105,    -1,
     106,   160,   105,    11,   160,    12,    -1,    26,    11,   160,
      12,    -1,   106,   105,    11,   160,    12,    -1,   170,    83,
     170,    -1,   170,    98,   170,    -1,   170,    63,   170,    -1,
     170,    64,   170,    -1,   170,    91,   170,    -1,   170,    61,
     170,    -1,   170,    62,   170,    -1,   170,    90,   170,    -1,
     170,    89,   170,    -1,   170,    54,   170,    -1,   170,    88,
     170,    -1,   170,    87,   170,    -1,   170,    86,   170,    -1,
     170,    92,   170,    -1,    13,   170,    -1,    14,   170,    -1,
      93,   170,    -1,    94,   170,    -1,   170,   101,    -1,   170,
     100,    -1,   170,    99,    -1,   170,    97,    -1,   103,   170,
      -1,   102,   170,    -1,    11,   160,    12,    -1,    11,    12,
      -1,    67,   160,   107,    10,    -1,    67,   107,    10,    -1,
      38,   152,   155,   156,   119,    -1,    38,   152,   121,   158,
     156,     9,   124,    10,    -1,    66,   170,    -1,    66,   119,
      -1,   166,    -1,   167,    -1,   168,    -1,   169,    -1,   170,
      84,   170,    85,   170,    -1,    95,   170,    -1,   172,    -1,
      69,   170,    -1,   106,   160,   105,    -1,    26,    -1,   106,
     105,    -1,   181,    -1,   186,    -1,   184,    -1,   182,    -1,
     185,    -1,   165,    -1,   187,    11,   160,    12,    -1,   188,
      11,   160,    12,    -1,   187,     9,   160,   107,    10,    -1,
     188,     9,   160,   107,    10,    -1,    23,    -1,   180,    -1,
     180,   106,   105,    -1,   180,   106,   160,   105,    -1,    68,
     154,   174,    -1,   170,   104,   108,   109,    -1,   170,   104,
      15,   109,    -1,   170,   104,    16,   109,    -1,   170,   104,
      17,   109,    -1,   170,   104,   109,   109,    -1,    53,    -1,
      53,   170,    -1,    81,   161,    -1,    59,    -1,    59,   119,
      -1,    59,   170,    -1,    71,    -1,    71,   170,    -1,    29,
      -1,    29,   170,    -1,    56,    -1,    56,   106,   105,    -1,
      27,    -1,    27,   106,   105,    -1,    28,    -1,    57,   106,
     105,    -1,    57,   106,   160,   105,    -1,    -1,    24,   171,
     106,   161,   176,   105,    -1,    20,    -1,   162,    -1,    55,
      -1,    31,    -1,    70,   173,   157,    -1,    70,   173,    -1,
     106,   160,   105,    -1,   106,   105,    -1,   181,    -1,   184,
      -1,   183,    -1,   182,    -1,    -1,   161,    -1,    -1,   160,
      -1,    -1,   110,   160,    -1,   181,    -1,   181,    -1,   182,
      -1,   184,    -1,   178,    -1,   180,    -1,    17,   190,    -1,
     108,   190,    -1,    15,   190,    -1,    15,    25,    11,    23,
      12,    -1,    16,   190,    -1,    65,   190,    -1,   170,   104,
      65,   109,    -1,   109,   190,    -1,   182,    -1,   170,   104,
      15,    -1,   184,    -1,   170,   104,    16,    -1,   186,    -1,
     170,   104,   109,    -1,    20,    -1,   181,    -1,   119,    -1,
      25,    -1
};

/* YYRLINE[YYN] -- source line where rule number YYN was defined.  */
static const yytype_uint16 yyrline[] =
{
       0,   119,   119,   118,   129,   128,   138,   137,   150,   149,
     162,   161,   174,   173,   185,   193,   201,   205,   213,   219,
     220,   230,   231,   240,   244,   248,   252,   259,   261,   272,
     271,   306,   305,   350,   358,   357,   366,   372,   378,   389,
     391,   393,   400,   408,   410,   407,   427,   432,   439,   438,
     453,   461,   467,   474,   473,   489,   488,   500,   504,   512,
     530,   531,   536,   538,   540,   542,   544,   546,   548,   551,
     557,   558,   563,   574,   575,   581,   587,   588,   593,   596,
     600,   605,   609,   613,   617,   618,   621,   622,   623,   627,
     632,   637,   642,   643,   648,   649,   654,   655,   657,   662,
     664,   668,   673,   681,   682,   686,   688,   690,   692,   696,
     698,   703,   707,   711,   715,   721,   726,   732,   738,   740,
     743,   742,   753,   754,   758,   762,   765,   770,   775,   778,
     782,   786,   789,   794,   798,   801,   803,   805,   810,   812,
     814,   819,   821,   823,   825,   827,   829,   831,   833,   835,
     837,   839,   844,   846,   849,   851,   853,   856,   859,   870,
     873,   876,   883,   885,   887,   889,   891,   894,   913,   915,
     919,   920,   921,   922,   923,   925,   927,   929,   931,   933,
     935,   937,   939,   941,   943,   945,   947,   949,   959,   969,
     979,   989,   991,   993,   996,  1001,  1005,  1007,  1009,  1011,
    1014,  1016,  1019,  1021,  1023,  1025,  1027,  1029,  1031,  1033,
    1035,  1038,  1040,  1042,  1044,  1046,  1048,  1052,  1055,  1054,
    1067,  1068,  1069,  1074,  1078,  1080,  1085,  1087,  1090,  1092,
    1094,  1096,  1101,  1103,  1108,  1109,  1114,  1115,  1121,  1125,
    1126,  1127,  1130,  1131,  1134,  1138,  1142,  1148,  1177,  1183,
    1185,  1189,  1193,  1194,  1198,  1199,  1203,  1204,  1209,  1211,
    1213,  1216
};
#endif

#if YYDEBUG || YYERROR_VERBOSE || YYTOKEN_TABLE
/* YYTNAME[SYMBOL-NUM] -- String name of the symbol SYMBOL-NUM.
   First, the terminals, then, starting at YYNTOKENS, nonterminals.  */
static const char *const yytname[] =
{
  "$end", "error", "$undefined", "GRAMPROG", "GRAMEXPR", "GRAMBLOCK",
  "GRAMBARESTMT", "GRAMFULLSTMT", "GRAMSTMTSEQ", "'{'", "'}'", "'['",
  "']'", "'-'", "'+'", "'@'", "'%'", "'&'", "'='", "'.'", "WORD", "METHOD",
  "FUNCMETH", "THING", "PMFUNC", "PRIVATEREF", "QWLIST", "FUNC0OP",
  "FUNC0SUB", "UNIOPSUB", "LSTOPSUB", "PLUGEXPR", "PLUGSTMT", "LABEL",
  "FORMAT", "SUB", "METHDECL", "MULTIDECL", "ANONSUB", "PACKAGE", "CLASS",
  "USE", "WHILE", "UNTIL", "IF", "UNLESS", "ELSE", "ELSIF", "CONTINUE",
  "FOR", "GIVEN", "WHEN", "DEFAULT", "LOOPEX", "DOTDOT", "YADAYADA",
  "FUNC0", "FUNC1", "FUNC", "UNIOP", "LSTOP", "RELOP", "EQOP", "MULOP",
  "ADDOP", "DOLSHARP", "DO", "HASHBRACK", "NOAMP", "LOCAL", "MY",
  "REQUIRE", "COLONATTR", "FORMLBRACK", "FORMRBRACK", "PROTOTYPE",
  "SIGNATURE", "PREC_LOW", "DOROP", "OROP", "ANDOP", "NOTOP", "','",
  "ASSIGNOP", "'?'", "':'", "DORDOR", "OROR", "ANDAND", "BITOROP",
  "BITANDOP", "SHIFTOP", "MATCHOP", "'!'", "'~'", "REFGEN", "UMINUS",
  "POWCOP", "POWOP", "POSTJOIN", "POSTDEC", "POSTINC", "PREDEC", "PREINC",
  "ARROW", "')'", "'('", "';'", "'$'", "'*'", "'/'", "$accept", "grammar",
  "$@1", "$@2", "$@3", "$@4", "$@5", "$@6", "block", "formblock",
  "remember", "mblock", "mremember", "stmtseq", "formstmtseq", "fullstmt",
  "labfullstmt", "barestmt", "$@7", "$@8", "$@9", "$@10", "$@11", "@12",
  "$@13", "$@14", "formline", "formarg", "sideff", "else", "cont",
  "mintro", "nexpr", "texpr", "iexpr", "mexpr", "mnexpr", "miexpr",
  "formname", "subdecl", "startsub", "startanonsub", "startformsub",
  "subname", "proto", "subattrlist", "myattrlist", "subsignature",
  "optsubbody", "expr", "listexpr", "listop", "@15", "method",
  "subscripted", "termbinop", "termunop", "anonymous", "termdo", "term",
  "@16", "myattrterm", "myterm", "optlistexpr", "optexpr", "optrepl",
  "my_scalar", "my_var", "refgen_topic", "amper", "scalar", "ary",
  "sizearydecl", "hsh", "arylen", "star", "sliceme", "kvslice", "gelem",
  "indirob", YY_NULL
};
#endif

# ifdef YYPRINT
/* YYTOKNUM[YYLEX-NUM] -- Internal token number corresponding to
   token YYLEX-NUM.  */
static const yytype_uint16 yytoknum[] =
{
       0,   256,   257,   258,   259,   260,   261,   262,   263,   123,
     125,    91,    93,    45,    43,    64,    37,    38,    61,    46,
     264,   265,   266,   267,   268,   269,   270,   271,   272,   273,
     274,   275,   276,   277,   278,   279,   280,   281,   282,   283,
     284,   285,   286,   287,   288,   289,   290,   291,   292,   293,
     294,   295,   296,   297,   298,   299,   300,   301,   302,   303,
     304,   305,   306,   307,   308,   309,   310,   311,   312,   313,
     314,   315,   316,   317,   318,   319,   320,   321,   322,   323,
     324,   325,    44,   326,    63,    58,   327,   328,   329,   330,
     331,   332,   333,    33,   126,   334,   335,   336,   337,   338,
     339,   340,   341,   342,   343,    41,    40,    59,    36,    42,
      47
};
# endif

/* YYR1[YYN] -- Symbol number of symbol that rule YYN derives.  */
static const yytype_uint8 yyr1[] =
{
       0,   111,   113,   112,   114,   112,   115,   112,   116,   112,
     117,   112,   118,   112,   119,   120,   121,   122,   123,   124,
     124,   125,   125,   126,   126,   127,   127,   128,   128,   129,
     128,   130,   128,   128,   131,   128,   128,   128,   128,   128,
     128,   128,   128,   132,   133,   128,   128,   128,   134,   128,
     128,   128,   128,   135,   128,   136,   128,   128,   128,   137,
     138,   138,   139,   139,   139,   139,   139,   139,   139,   139,
     140,   140,   140,   141,   141,   142,   143,   143,   144,   144,
     145,   146,   147,   148,   149,   149,   150,   150,   150,   151,
     152,   153,   154,   154,   155,   155,   156,   156,   156,   157,
     157,   158,   158,   159,   159,   160,   160,   160,   160,   161,
     161,   161,   162,   162,   162,   162,   162,   162,   162,   162,
     163,   162,   164,   164,   165,   165,   165,   165,   165,   165,
     165,   165,   165,   165,   165,   165,   165,   165,   166,   166,
     166,   166,   166,   166,   166,   166,   166,   166,   166,   166,
     166,   166,   167,   167,   167,   167,   167,   167,   167,   167,
     167,   167,   168,   168,   168,   168,   168,   168,   169,   169,
     170,   170,   170,   170,   170,   170,   170,   170,   170,   170,
     170,   170,   170,   170,   170,   170,   170,   170,   170,   170,
     170,   170,   170,   170,   170,   170,   170,   170,   170,   170,
     170,   170,   170,   170,   170,   170,   170,   170,   170,   170,
     170,   170,   170,   170,   170,   170,   170,   170,   171,   170,
     170,   170,   170,   170,   172,   172,   173,   173,   173,   173,
     173,   173,   174,   174,   175,   175,   176,   176,   177,   178,
     178,   178,   179,   179,   180,   181,   182,   183,   184,   185,
     185,   186,   187,   187,   188,   188,   189,   189,   190,   190,
     190,   190
};

/* YYR2[YYN] -- Number of symbols composing right hand side of rule YYN.  */
static const yytype_uint8 yyr2[] =
{
       0,     2,     0,     4,     0,     3,     0,     3,     0,     3,
       0,     3,     0,     3,     4,     7,     0,     4,     0,     0,
       2,     0,     2,     1,     1,     2,     2,     1,     4,     0,
       7,     0,    10,     4,     0,     7,     7,     7,     6,     6,
       2,     8,     8,     0,     0,    13,     9,     8,     0,    11,
       9,     7,     2,     0,     8,     0,     7,     2,     1,     2,
       0,     3,     1,     1,     3,     3,     3,     3,     3,     3,
       0,     2,     6,     0,     2,     0,     0,     1,     0,     1,
       1,     1,     1,     1,     1,     0,     1,     1,     1,     0,
       0,     0,     1,     1,     0,     1,     0,     2,     1,     2,
       1,     3,     3,     1,     1,     3,     3,     3,     1,     2,
       3,     1,     3,     5,     6,     3,     3,     5,     2,     4,
       0,     5,     1,     1,     5,     4,     5,     4,     5,     6,
       5,     4,     5,     4,     3,     6,     4,     5,     3,     3,
       3,     3,     3,     3,     3,     3,     3,     3,     3,     3,
       3,     3,     2,     2,     2,     2,     2,     2,     2,     2,
       2,     2,     3,     2,     4,     3,     5,     8,     2,     2,
       1,     1,     1,     1,     5,     2,     1,     2,     3,     1,
       2,     1,     1,     1,     1,     1,     1,     4,     4,     5,
       5,     1,     1,     3,     4,     3,     4,     4,     4,     4,
       4,     1,     2,     2,     1,     2,     2,     1,     2,     1,
       2,     1,     3,     1,     3,     1,     3,     4,     0,     6,
       1,     1,     1,     1,     3,     2,     3,     2,     1,     1,
       1,     1,     0,     1,     0,     1,     0,     2,     1,     1,
       1,     1,     1,     1,     2,     2,     2,     5,     2,     2,
       4,     2,     1,     3,     1,     3,     1,     3,     1,     1,
       1,     1
};

/* YYDEFACT[STATE-NAME] -- Default reduction number in state STATE-NUM.
   Performed when YYTABLE doesn't specify something else to do.  Zero
   means the default is an error.  */
static const yytype_uint16 yydefact[] =
{
       0,     2,     4,     6,     8,    10,    12,     0,    16,   234,
       0,     0,     0,    19,     1,    19,     0,     0,     0,     0,
       0,     0,   220,     0,     0,   191,   218,   179,   213,   215,
     209,    90,   223,    90,   201,   222,   211,     0,     0,   204,
     232,     0,     0,     0,     0,     0,     0,   207,     0,     0,
       0,     0,     0,     0,     0,     0,     0,   235,   108,   221,
     186,   170,   171,   172,   173,   111,   176,     5,   192,   181,
     184,   183,   185,   182,     0,     0,     0,    16,     7,    62,
      27,    91,    86,    87,    88,     0,     0,    89,     0,     0,
       0,     0,     0,     0,     0,     0,    58,    73,     9,     0,
       0,    63,     0,    11,    24,    23,     0,     0,   163,     0,
     152,   153,   258,   261,   260,   259,   246,   248,   244,   232,
       0,     0,     0,     0,   210,     0,    94,   202,     0,     0,
     234,   205,   206,   258,   233,   118,   259,     0,   249,   169,
     168,     0,     0,    92,    93,   232,   177,     0,     0,   225,
     228,   231,   230,   229,   208,   203,   154,   155,   175,   161,
     160,   180,     0,   245,   251,     0,     0,     0,   109,     0,
       0,     0,     0,     0,     0,     0,     0,     0,     0,     0,
       0,     0,     0,     0,     0,     0,   159,     0,   158,   157,
     156,     0,     0,     0,     0,     0,     0,     0,     0,     0,
      19,    85,     0,     0,    34,    16,    16,    16,    16,    16,
       0,    16,     0,    16,    16,    40,     0,    52,    57,    89,
       0,     0,     0,     0,     0,     0,    26,    25,    20,   162,
     116,   234,     0,     0,   214,   120,    95,     0,    96,   212,
     216,     0,     0,     0,   112,   165,     0,   195,   261,   227,
       0,   100,   224,     0,   178,   107,   106,   105,   110,     0,
       0,   134,     0,   147,   143,   144,   140,   141,   138,     0,
     150,   149,   148,   146,   145,   142,   151,   139,     0,     0,
     253,   255,     0,   122,     0,     0,     0,   257,   115,   123,
     193,     0,     0,     0,     0,     0,     0,     0,     0,     0,
      84,     0,     0,    16,     0,    78,     0,     0,     0,     0,
      16,   242,     0,   243,   239,   240,   241,     0,    16,     0,
       0,    74,    29,    66,    67,    80,    64,    65,    68,    69,
       0,   236,   136,   232,     0,    96,    98,     0,   217,   119,
       0,   164,     0,   226,    99,     0,     0,     0,   127,   133,
       0,     0,     0,   197,   198,   199,   250,   131,     0,   196,
     200,   234,   194,     0,   125,     0,   187,     0,   188,     0,
      14,    16,    28,    16,    33,    55,     0,     0,    79,     0,
       0,    81,    83,     0,     0,   238,     0,    16,    77,    82,
       0,     0,    63,     0,     0,     0,    94,    16,   117,     0,
       0,   121,     0,     0,     0,    97,   166,   113,     0,   137,
       0,   130,   174,     0,   126,   132,     0,   128,   189,   190,
     124,     0,    53,    19,   232,    75,    75,     0,     0,     0,
      48,     0,     0,    43,     0,     0,     0,    96,     0,   237,
     219,   102,   101,    19,   247,   135,   129,   114,     0,    19,
       0,     0,     0,     0,    18,    70,    70,     0,     0,     0,
      73,    78,     0,    38,    39,     0,    96,     0,    21,     0,
      56,    35,    73,    73,    19,     0,     0,    36,    37,     0,
       0,     0,    51,     0,    73,   104,   103,    30,     0,   167,
       0,    54,    41,    42,     0,    71,     0,    73,     0,    73,
      44,    47,    19,    60,     0,    22,    17,     0,    46,     0,
      50,    75,     0,    19,    59,    15,     0,    73,     0,    32,
       0,    70,    49,     0,    61,    72,     0,    45
};

/* YYDEFGOTO[NTERM-NUM].  */
static const yytype_int16 yydefgoto[] =
{
      -1,     7,     8,     9,    10,    11,    12,    13,    97,   372,
      15,   455,   474,   106,   490,   228,   104,   105,   396,   397,
     304,   461,   511,   458,   449,   423,   505,   514,    99,   477,
     217,   452,   389,   377,   324,   380,   391,   383,   301,   100,
     204,   125,   201,   145,   238,   337,   252,   335,   487,   101,
      58,    59,   333,   288,    60,    61,    62,    63,    64,    65,
     121,    66,   149,   135,    67,   400,   384,   311,   312,    68,
      69,    70,   152,    71,    72,    73,    74,    75,    76,   116
};

/* YYPACT[STATE-NUM] -- Index in YYTABLE of the portion describing
   STATE-NUM.  */
#define YYPACT_NINF -425
static const yytype_int16 yypact[] =
{
     529,  -425,  -425,  -425,  -425,  -425,  -425,    26,  -425,  2976,
      40,  1685,  1582,  -425,  -425,  -425,  2184,  2976,  2976,    38,
      38,    38,  -425,    38,    38,  -425,  -425,    45,   -34,  -425,
    2976,  -425,  -425,  -425,  2976,  -425,   -31,   -20,   -16,  2085,
    1984,    38,  2085,  2283,    56,  2976,    24,  2976,  2976,  2976,
    2976,  2976,  2976,  2976,  2382,    38,    38,   174,   -17,  -425,
      11,  -425,  -425,  -425,  -425,  3052,  -425,  -425,    30,   124,
     192,   196,  -425,   145,   265,   271,   149,  -425,  -425,  -425,
    -425,  -425,  -425,  -425,  -425,   142,   147,  -425,    78,    94,
     103,   107,   138,   117,   121,    40,  -425,   187,  -425,   129,
      56,  2040,  1582,  -425,  -425,  -425,   654,   758,  -425,    65,
     395,   395,  -425,  -425,  -425,  -425,  -425,  -425,  -425,  2976,
     139,   150,  2976,   143,  2466,    40,    15,  3052,   162,  2481,
    1984,  -425,  2466,   546,   -17,  -425,   477,  2976,  -425,  -425,
    2466,   267,     0,  -425,  -425,  2976,  2466,    44,  2580,   216,
    -425,  -425,  -425,  -425,  2466,   -17,   395,   395,   395,   502,
     502,   274,    33,  -425,  -425,  2976,  2976,  2976,  2976,  2976,
    2976,  2679,  2976,  2976,  2976,  2976,  2976,  2976,  2976,  2976,
    2976,  2976,  2976,  2976,  2976,  2976,  -425,  2976,  -425,  -425,
    -425,   213,  2778,  2976,  2976,  2976,  2976,  2976,  2976,  2976,
    -425,   275,   276,   299,  -425,  -425,  -425,  -425,  -425,  -425,
      14,  -425,   203,  -425,  -425,  -425,    40,  -425,  -425,  -425,
    2976,  2976,  2976,  2976,  2976,  2976,  -425,  -425,  -425,  -425,
    -425,  2976,  2976,    70,  -425,  -425,  -425,   222,   248,  -425,
    -425,    48,   224,  2976,   -17,  -425,   321,  -425,   323,  -425,
     186,   309,  -425,  2976,   324,   257,   257,  -425,  3052,   132,
      77,  -425,   342,  1869,  2367,  2169,   450,   226,  3052,  3004,
    1969,  1969,   381,  2070,  2268,   206,   395,   395,  2976,  2976,
     230,   234,   242,  -425,   244,  2877,    32,   245,   251,  -425,
    -425,   357,   180,   102,   237,   119,   270,   163,   306,   861,
    -425,   340,    -1,  -425,   341,  2976,  2976,  2976,  2976,   252,
    -425,  -425,   258,  -425,  -425,  -425,  -425,  1784,  -425,  2976,
    2976,  -425,   260,   174,  -425,   174,   174,   174,   174,   174,
     262,   -48,  -425,  2976,   156,   248,   347,    40,  -425,  -425,
     361,  -425,   360,  -425,  -425,   171,  2976,   365,  -425,  -425,
    2976,   331,   183,  -425,  -425,  -425,  -425,  -425,   370,  -425,
    -425,  2976,  -425,   382,  -425,   388,  -425,   390,  -425,   392,
    -425,  -425,  -425,  -425,  -425,  -425,   371,   300,   174,   301,
     302,   174,  -425,   310,   298,  -425,    39,  -425,  -425,  -425,
     312,   307,   352,  2976,   314,   319,   403,  -425,  -425,  2976,
     322,  -425,   346,   349,   420,  -425,  -425,  -425,   440,  -425,
     214,  -425,  1772,   446,  -425,  -425,   353,  -425,  -425,  -425,
    -425,   354,  -425,  -425,  2976,  -425,  -425,   451,   451,  2976,
    -425,  2976,   451,  -425,   359,   451,   451,   248,   222,   174,
    -425,  -425,  -425,  -425,  -425,  -425,  -425,  -425,   391,  -425,
     964,   369,   451,   451,  -425,    73,    73,   362,   377,   363,
     187,  2976,   451,  -425,  -425,     8,   248,  1067,  -425,  1170,
    -425,  -425,   187,   187,  -425,   451,   378,  -425,  -425,   451,
    2976,   451,  -425,   384,   187,  -425,  -425,  -425,   491,  -425,
      -2,  -425,  -425,  -425,  1273,  -425,  2976,   187,   410,   187,
    -425,  -425,  -425,   444,   499,  -425,  -425,   418,  -425,   451,
    -425,  -425,  1376,  -425,  -425,  -425,   451,   187,  1883,  -425,
    1479,    73,  -425,   419,  -425,  -425,   451,  -425
};

/* YYPGOTO[NTERM-NUM].  */
static const yytype_int16 yypgoto[] =
{
    -425,  -425,  -425,  -425,  -425,  -425,  -425,  -425,     4,  -425,
     -35,   -63,  -425,   -15,  -425,   513,   425,     2,  -425,  -425,
    -425,  -425,  -425,  -425,  -425,  -425,  -425,  -425,  -316,  -424,
    -399,  -415,  -425,    68,   -22,  -225,    12,  -425,  -425,  -425,
     325,   510,  -425,   445,   157,  -329,  -425,   114,  -425,    -6,
     -36,  -425,  -425,  -425,  -425,  -425,  -425,  -425,  -425,   329,
    -425,  -425,  -425,  -112,  -121,  -425,  -425,   184,  -425,   373,
      47,   -44,  -425,   -41,  -425,  -425,  -425,  -425,  -425,    -5
};

/* YYTABLE[YYPACT[STATE-NUM]].  What to do in state STATE-NUM.  If
   positive, shift that token.  If negative, reduce the rule which
   number is the opposite.  If YYTABLE_NINF, syntax error.  */
#define YYTABLE_NINF -257
static const yytype_int16 yytable[] =
{
     107,   388,   151,    57,   134,   153,   404,   230,   373,   242,
     109,   453,   155,    98,    78,   117,   118,    77,   119,   120,
     169,   503,   170,   114,   114,   114,    14,   114,   114,    19,
      20,    21,   478,   247,   168,   137,   138,   142,   236,   147,
      20,    77,   200,   131,   114,   114,   139,    77,   162,    77,
     163,   164,   112,    77,    19,    20,   122,   113,   112,   114,
     114,   482,   399,   113,   112,   168,   115,   115,   115,   248,
     115,   115,   123,   492,   493,   128,   143,   229,   165,   166,
     167,   144,   332,   134,   310,   501,   129,   136,   115,   348,
     130,   237,   390,   150,   394,   395,   518,   525,   508,   215,
     510,   244,   115,   115,   227,   504,   374,   246,   465,   134,
     330,   165,   166,   167,   364,   485,   233,   171,   522,   475,
     476,   -16,    55,   241,    57,   243,   165,   166,   167,   235,
     148,   366,    55,   193,   114,   194,   192,   488,   254,   212,
      55,   359,   250,   165,   166,   167,    55,    55,   165,   166,
     167,   114,    55,   338,  -256,   165,   166,   167,   199,   255,
     256,   257,   202,   259,   260,   262,   315,   203,   434,   316,
     305,   306,   307,   308,   309,   368,   317,   136,   319,   320,
     165,   166,   167,   409,   205,   299,   291,   292,   293,   294,
     295,   296,   297,   298,   115,   414,   331,   165,   166,   167,
     206,  -252,   388,  -252,   457,  -254,   459,  -254,   209,   207,
     165,   166,   167,   208,   323,   325,   326,   327,   328,   329,
     321,   401,   278,   213,   279,    57,   445,   214,   280,   281,
     282,   402,   403,   210,   283,   216,   218,   340,   289,   347,
     416,   165,   166,   167,   211,   231,    55,   345,   234,   165,
     166,   167,   165,   166,   167,   498,   232,   314,   165,   166,
     167,   165,   166,   167,   165,   166,   167,   239,   375,   175,
     176,   507,   351,   352,   195,   386,   196,   245,   284,   358,
     197,   163,   198,   393,   379,   253,   382,   363,   251,   175,
     114,   343,   165,   166,   167,   300,   302,   134,   185,   378,
     325,   381,   325,   186,   187,   188,   189,   190,   303,   318,
     191,   392,   451,   381,   381,   165,   166,   167,   185,   285,
     336,   286,   287,   186,   187,   188,   189,   190,   334,   339,
     191,   341,   344,   115,   342,   346,   421,   167,   422,   353,
     410,   406,   315,   354,   365,   316,   110,   111,   165,   166,
     167,   355,   431,   356,   360,    57,   385,   361,   371,   124,
      55,   376,   438,   127,   387,   456,   -31,   398,   132,   460,
     405,   140,   463,   464,   146,   411,   154,   367,   156,   157,
     158,   159,   160,   408,   165,   166,   167,   381,   134,   472,
     473,   424,   417,   439,   220,   221,   222,   223,   418,   484,
     419,   224,   420,   225,   429,   425,   426,   427,   450,   165,
     166,   167,   495,   369,   433,   428,   497,   432,   499,   435,
     165,   166,   167,   381,   436,   381,   236,   440,   467,   443,
     165,   166,   167,   314,   469,   165,   166,   167,   413,   165,
     166,   167,   173,   174,   175,   176,   517,   349,   165,   166,
     167,   441,   444,   521,   442,   378,   446,   -81,   447,   494,
     454,   448,   362,   527,   462,   468,   407,   479,   481,   486,
     182,   183,   184,   185,   381,   415,   471,  -181,   186,   187,
     188,   189,   190,   480,   496,   191,   193,   512,   194,  -181,
     381,   500,   186,   187,   188,   189,   190,   258,   520,   191,
     502,   263,   264,   265,   266,   267,   268,   269,   270,   271,
     272,   273,   274,   275,   276,   509,   277,   513,   515,  -181,
    -181,  -181,  -181,   516,   526,   103,  -181,   226,  -181,   483,
     523,  -181,     1,     2,     3,     4,     5,     6,  -181,  -181,
    -181,  -181,   185,   126,   322,   219,  -220,   186,   187,   188,
     189,   190,   466,   437,   191,  -181,  -181,  -181,  -220,  -181,
    -181,  -181,  -181,  -181,  -181,  -181,  -181,  -181,  -181,  -181,
     430,     0,     0,     0,  -181,  -181,  -181,  -181,  -181,     0,
       0,  -181,  -181,   313,  -181,     0,     0,  -181,  -220,  -220,
    -220,  -220,     0,     0,     0,  -220,     0,  -220,     0,     0,
    -220,  -257,  -257,  -257,     0,     0,   191,  -220,  -220,  -220,
    -220,     0,     0,     0,     0,     0,     0,     0,     0,     0,
       0,     0,     0,     0,  -220,  -220,  -220,     0,  -220,  -220,
    -220,  -220,  -220,  -220,  -220,  -220,  -220,  -220,  -220,     0,
       0,     0,     0,  -220,  -220,  -220,  -220,  -220,     0,     0,
    -220,  -220,     0,  -220,   -13,    79,  -220,     0,     0,     0,
       0,     0,     0,    77,     0,    16,     0,    17,    18,    19,
      20,    21,     0,     0,    22,    23,    24,    25,    26,   412,
      27,    28,    29,    30,    31,    32,    80,   102,    81,    82,
      83,    84,    33,    85,    86,    87,    88,    89,    90,    91,
       0,     0,     0,    92,    93,    94,    95,    34,     0,    35,
      36,    37,    38,    39,    40,     0,     0,     0,     0,    41,
      42,    43,    44,    45,    46,    47,     0,     0,     0,     0,
       0,     0,     0,     0,     0,    48,     0,     0,     0,     0,
       0,     0,     0,     0,     0,     0,     0,    49,    50,    51,
       0,     0,     0,     0,     0,     0,    52,    53,    -3,    79,
      54,    96,    55,    56,     0,     0,     0,    77,     0,    16,
       0,    17,    18,    19,    20,    21,     0,     0,    22,    23,
      24,    25,    26,     0,    27,    28,    29,    30,    31,    32,
      80,   102,    81,    82,    83,    84,    33,    85,    86,    87,
      88,    89,    90,    91,     0,     0,     0,    92,    93,    94,
      95,    34,     0,    35,    36,    37,    38,    39,    40,     0,
       0,     0,     0,    41,    42,    43,    44,    45,    46,    47,
       0,     0,     0,     0,     0,     0,     0,     0,     0,    48,
       0,     0,     0,     0,     0,     0,     0,     0,     0,     0,
       0,    49,    50,    51,     0,     0,     0,     0,     0,     0,
      52,    53,    79,     0,    54,    96,    55,    56,     0,     0,
      77,   370,    16,     0,    17,    18,    19,    20,    21,     0,
       0,    22,    23,    24,    25,    26,     0,    27,    28,    29,
      30,    31,    32,    80,   102,    81,    82,    83,    84,    33,
      85,    86,    87,    88,    89,    90,    91,     0,     0,     0,
      92,    93,    94,    95,    34,     0,    35,    36,    37,    38,
      39,    40,     0,     0,     0,     0,    41,    42,    43,    44,
      45,    46,    47,     0,     0,     0,     0,     0,     0,     0,
       0,     0,    48,     0,     0,     0,     0,     0,     0,     0,
       0,     0,     0,     0,    49,    50,    51,     0,     0,     0,
       0,     0,     0,    52,    53,    79,     0,    54,    96,    55,
      56,     0,     0,    77,   470,    16,     0,    17,    18,    19,
      20,    21,     0,     0,    22,    23,    24,    25,    26,     0,
      27,    28,    29,    30,    31,    32,    80,   102,    81,    82,
      83,    84,    33,    85,    86,    87,    88,    89,    90,    91,
       0,     0,     0,    92,    93,    94,    95,    34,     0,    35,
      36,    37,    38,    39,    40,     0,     0,     0,     0,    41,
      42,    43,    44,    45,    46,    47,     0,     0,     0,     0,
       0,     0,     0,     0,     0,    48,     0,     0,     0,     0,
       0,     0,     0,     0,     0,     0,     0,    49,    50,    51,
       0,     0,     0,     0,     0,     0,    52,    53,    79,     0,
      54,    96,    55,    56,     0,     0,    77,   489,    16,     0,
      17,    18,    19,    20,    21,     0,     0,    22,    23,    24,
      25,    26,     0,    27,    28,    29,    30,    31,    32,    80,
     102,    81,    82,    83,    84,    33,    85,    86,    87,    88,
      89,    90,    91,     0,     0,     0,    92,    93,    94,    95,
      34,     0,    35,    36,    37,    38,    39,    40,     0,     0,
       0,     0,    41,    42,    43,    44,    45,    46,    47,     0,
       0,     0,     0,     0,     0,     0,     0,     0,    48,     0,
       0,     0,     0,     0,     0,     0,     0,     0,     0,     0,
      49,    50,    51,     0,     0,     0,     0,     0,     0,    52,
      53,    79,     0,    54,    96,    55,    56,     0,     0,    77,
     491,    16,     0,    17,    18,    19,    20,    21,     0,     0,
      22,    23,    24,    25,    26,     0,    27,    28,    29,    30,
      31,    32,    80,   102,    81,    82,    83,    84,    33,    85,
      86,    87,    88,    89,    90,    91,     0,     0,     0,    92,
      93,    94,    95,    34,     0,    35,    36,    37,    38,    39,
      40,     0,     0,     0,     0,    41,    42,    43,    44,    45,
      46,    47,     0,     0,     0,     0,     0,     0,     0,     0,
       0,    48,     0,     0,     0,     0,     0,     0,     0,     0,
       0,     0,     0,    49,    50,    51,     0,     0,     0,     0,
       0,     0,    52,    53,    79,     0,    54,    96,    55,    56,
       0,     0,    77,   506,    16,     0,    17,    18,    19,    20,
      21,     0,     0,    22,    23,    24,    25,    26,     0,    27,
      28,    29,    30,    31,    32,    80,   102,    81,    82,    83,
      84,    33,    85,    86,    87,    88,    89,    90,    91,     0,
       0,     0,    92,    93,    94,    95,    34,     0,    35,    36,
      37,    38,    39,    40,     0,     0,     0,     0,    41,    42,
      43,    44,    45,    46,    47,     0,     0,     0,     0,     0,
       0,     0,     0,     0,    48,     0,     0,     0,     0,     0,
       0,     0,     0,     0,     0,     0,    49,    50,    51,     0,
       0,     0,     0,     0,     0,    52,    53,    79,     0,    54,
      96,    55,    56,     0,     0,    77,   519,    16,     0,    17,
      18,    19,    20,    21,     0,     0,    22,    23,    24,    25,
      26,     0,    27,    28,    29,    30,    31,    32,    80,   102,
      81,    82,    83,    84,    33,    85,    86,    87,    88,    89,
      90,    91,     0,     0,     0,    92,    93,    94,    95,    34,
       0,    35,    36,    37,    38,    39,    40,     0,     0,     0,
       0,    41,    42,    43,    44,    45,    46,    47,     0,     0,
       0,     0,     0,     0,     0,     0,     0,    48,     0,     0,
       0,     0,     0,     0,     0,     0,     0,     0,     0,    49,
      50,    51,     0,     0,     0,     0,     0,     0,    52,    53,
      79,     0,    54,    96,    55,    56,     0,     0,    77,     0,
      16,     0,    17,    18,    19,    20,    21,     0,     0,    22,
      23,    24,    25,    26,     0,    27,    28,    29,    30,    31,
      32,    80,   102,    81,    82,    83,    84,    33,    85,    86,
      87,    88,    89,    90,    91,     0,     0,     0,    92,    93,
      94,    95,    34,     0,    35,    36,    37,    38,    39,    40,
       0,     0,     0,     0,    41,    42,    43,    44,    45,    46,
      47,     0,     0,   524,     0,     0,     0,     0,     0,     0,
      48,     0,     0,     0,     0,     0,     0,     0,     0,     0,
       0,     0,    49,    50,    51,     0,     0,     0,     0,     0,
       0,    52,    53,    79,     0,    54,    96,    55,    56,     0,
       0,    77,     0,    16,     0,    17,    18,    19,    20,    21,
       0,     0,    22,    23,    24,    25,    26,     0,    27,    28,
      29,    30,    31,    32,    80,   102,    81,    82,    83,    84,
      33,    85,    86,    87,    88,    89,    90,    91,     0,     0,
       0,    92,    93,    94,    95,    34,     0,    35,    36,    37,
      38,    39,    40,     0,     0,     0,     0,    41,    42,    43,
      44,    45,    46,    47,     0,     0,     0,     0,     0,     0,
       0,     0,     0,    48,     0,     0,     0,     0,     0,     0,
       0,     0,     0,     0,     0,    49,    50,    51,     0,     0,
       0,     0,     0,     0,    52,    53,    79,     0,    54,    96,
      55,    56,     0,     0,    77,     0,    16,     0,    17,    18,
      19,    20,    21,     0,     0,    22,    23,    24,    25,    26,
       0,    27,    28,    29,    30,    31,    32,    80,     0,    81,
      82,    83,    84,    33,    85,    86,    87,    88,    89,    90,
      91,     0,     0,     0,    92,    93,    94,    95,    34,     0,
      35,    36,    37,    38,    39,    40,     0,     0,     0,     0,
      41,    42,    43,    44,    45,    46,    47,     0,     0,     0,
       0,     0,     0,     0,     0,     0,    48,     0,     0,     0,
       0,     0,     0,     0,     0,     0,     0,     0,    49,    50,
      51,     0,     0,     0,     0,    79,     0,    52,    53,     0,
       0,    54,    96,    55,    56,    16,     0,    17,    18,    19,
      20,    21,     0,     0,    22,    23,    24,    25,    26,     0,
      27,    28,    29,    30,    31,    32,     0,     0,     0,     0,
       0,     0,    33,     0,     0,     0,   172,     0,     0,     0,
       0,     0,     0,   173,   174,   175,   176,    34,     0,    35,
      36,    37,    38,    39,    40,     0,     0,     0,     0,    41,
      42,    43,    44,    45,    46,    47,   178,     0,   179,   180,
     181,   182,   183,   184,   185,    48,     0,     0,     0,   186,
     187,   188,   189,   190,     0,     0,   191,    49,    50,    51,
       0,     0,     0,     0,    79,     0,    52,    53,     0,     0,
      54,   -76,    55,    56,    16,     0,    17,    18,    19,    20,
      21,     0,     0,    22,    23,    24,    25,    26,     0,    27,
      28,    29,    30,    31,    32,     0,     0,     0,     0,     0,
       0,    33,     0,  -257,     0,     0,     0,     0,     0,     0,
     173,   174,   175,   176,     0,     0,    34,     0,    35,    36,
      37,    38,    39,    40,     0,     0,     0,     0,    41,    42,
      43,    44,    45,    46,    47,   179,   180,   181,   182,   183,
     184,   185,     0,     0,    48,     0,   186,   187,   188,   189,
     190,     0,     0,   191,     0,     0,    49,    50,    51,     0,
       0,     0,     0,     0,     0,    52,    53,     0,   -76,    54,
       0,    55,    56,    77,     0,    16,     0,    17,    18,    19,
      20,    21,     0,     0,   133,    23,    24,    25,    26,   113,
      27,    28,    29,    30,    31,    32,     0,     0,     0,     0,
       0,     0,    33,     0,     0,     0,     0,     0,     0,     0,
     173,   174,   175,   176,     0,     0,     0,    34,     0,    35,
      36,    37,    38,    39,    40,     0,     0,     0,     0,    41,
      42,    43,    44,    45,    46,    47,     0,   181,   182,   183,
     184,   185,     0,     0,     0,    48,   186,   187,   188,   189,
     190,     0,     0,   191,     0,     0,     0,    49,    50,    51,
       0,     0,   220,   221,   222,   223,    52,    53,     0,   224,
      54,   225,    55,    56,    77,     0,    16,     0,    17,    18,
      19,    20,    21,     0,     0,    22,    23,    24,    25,    26,
       0,    27,    28,    29,    30,    31,    32,     0,   165,   166,
     167,     0,     0,    33,     0,     0,     0,     0,     0,     0,
       0,   173,   174,   175,   176,     0,     0,     0,    34,     0,
      35,    36,    37,    38,    39,    40,     0,     0,     0,     0,
      41,    42,    43,    44,    45,    46,    47,     0,     0,     0,
     183,   184,   185,     0,     0,     0,    48,   186,   187,   188,
     189,   190,     0,     0,   191,     0,     0,     0,    49,    50,
      51,     0,     0,     0,     0,     0,     0,    52,    53,     0,
       0,    54,     0,    55,    56,    16,   108,    17,    18,    19,
      20,    21,     0,     0,    22,    23,    24,    25,    26,     0,
      27,    28,    29,    30,    31,    32,     0,     0,     0,     0,
       0,     0,    33,     0,     0,     0,     0,     0,     0,     0,
     173,  -257,   175,   176,     0,     0,     0,    34,     0,    35,
      36,    37,    38,    39,    40,     0,     0,     0,     0,    41,
      42,    43,    44,    45,    46,    47,     0,     0,     0,     0,
     184,   185,     0,     0,     0,    48,   186,   187,   188,   189,
     190,     0,     0,   191,     0,     0,     0,    49,    50,    51,
       0,     0,     0,     0,     0,     0,    52,    53,     0,     0,
      54,     0,    55,    56,    16,     0,    17,    18,    19,    20,
      21,     0,     0,    22,    23,    24,    25,    26,     0,    27,
      28,    29,    30,    31,    32,     0,     0,     0,     0,     0,
       0,    33,     0,     0,     0,     0,     0,     0,     0,   173,
     174,   175,   176,     0,     0,     0,    34,     0,    35,    36,
      37,    38,    39,    40,     0,     0,     0,     0,    41,    42,
      43,    44,    45,    46,    47,     0,     0,     0,     0,   184,
     185,     0,     0,     0,    48,   186,   187,   188,   189,   190,
       0,     0,   191,     0,     0,     0,    49,    50,    51,     0,
       0,     0,     0,     0,     0,    52,    53,     0,     0,    54,
     141,    55,    56,    16,     0,    17,    18,    19,    20,    21,
       0,     0,    22,    23,    24,    25,    26,     0,    27,    28,
      29,    30,    31,    32,     0,     0,     0,     0,     0,     0,
      33,     0,     0,     0,     0,     0,     0,     0,  -257,     0,
     175,   176,     0,     0,     0,    34,     0,    35,    36,    37,
      38,    39,    40,     0,     0,     0,     0,    41,    42,    43,
      44,    45,    46,    47,     0,     0,     0,     0,   184,   185,
       0,     0,     0,    48,   186,   187,   188,   189,   190,     0,
       0,   191,     0,     0,     0,    49,    50,    51,     0,     0,
       0,     0,     0,     0,    52,    53,     0,   161,    54,     0,
      55,    56,    16,     0,    17,    18,    19,    20,    21,     0,
       0,    22,    23,    24,    25,    26,     0,    27,    28,    29,
      30,    31,    32,     0,     0,     0,     0,     0,     0,    33,
       0,     0,     0,     0,     0,     0,     0,     0,     0,   175,
     176,     0,     0,     0,    34,     0,    35,    36,    37,    38,
      39,    40,     0,     0,     0,     0,    41,    42,    43,    44,
      45,    46,    47,     0,     0,     0,     0,   184,   185,     0,
       0,     0,    48,   186,   187,   188,   189,   190,     0,     0,
     191,     0,     0,     0,    49,    50,    51,     0,     0,     0,
       0,     0,     0,    52,    53,     0,   240,    54,     0,    55,
      56,    16,     0,    17,    18,    19,    20,    21,     0,     0,
      22,    23,    24,    25,    26,     0,    27,    28,    29,    30,
      31,    32,     0,     0,     0,     0,     0,     0,    33,     0,
       0,     0,     0,     0,     0,     0,     0,     0,     0,     0,
       0,     0,     0,    34,     0,    35,    36,    37,    38,    39,
      40,     0,     0,     0,     0,    41,    42,    43,    44,    45,
      46,    47,     0,     0,     0,     0,     0,     0,     0,     0,
       0,    48,     0,     0,     0,     0,     0,     0,     0,     0,
       0,     0,     0,    49,    50,    51,     0,     0,     0,     0,
       0,     0,    52,    53,     0,   249,    54,     0,    55,    56,
      16,     0,    17,    18,    19,    20,    21,     0,     0,    22,
      23,    24,    25,    26,     0,    27,    28,    29,    30,    31,
      32,     0,     0,     0,     0,     0,     0,    33,     0,     0,
       0,     0,     0,     0,     0,     0,     0,     0,     0,     0,
       0,     0,    34,     0,    35,    36,    37,    38,    39,    40,
       0,     0,     0,     0,    41,    42,    43,    44,    45,    46,
      47,     0,     0,     0,     0,     0,     0,     0,     0,     0,
      48,     0,     0,     0,     0,     0,     0,     0,     0,     0,
       0,     0,    49,    50,    51,     0,     0,     0,     0,     0,
       0,    52,    53,     0,   261,    54,     0,    55,    56,    16,
       0,    17,    18,    19,    20,    21,     0,     0,    22,    23,
      24,    25,    26,     0,    27,    28,    29,    30,    31,    32,
       0,     0,     0,     0,     0,     0,    33,     0,     0,     0,
       0,     0,     0,     0,     0,     0,     0,     0,     0,     0,
       0,    34,     0,    35,    36,    37,    38,    39,    40,     0,
       0,     0,     0,    41,    42,    43,    44,    45,    46,    47,
       0,     0,     0,     0,     0,     0,     0,     0,     0,    48,
       0,     0,     0,     0,     0,     0,     0,     0,     0,     0,
       0,    49,    50,    51,     0,     0,     0,     0,     0,     0,
      52,    53,     0,   290,    54,     0,    55,    56,    16,     0,
      17,    18,    19,    20,    21,     0,     0,    22,    23,    24,
      25,    26,     0,    27,    28,    29,    30,    31,    32,     0,
       0,     0,     0,     0,     0,    33,     0,     0,     0,     0,
       0,     0,     0,     0,     0,     0,     0,     0,     0,     0,
      34,     0,    35,    36,    37,    38,    39,    40,     0,     0,
       0,     0,    41,    42,    43,    44,    45,    46,    47,     0,
       0,     0,     0,     0,     0,     0,     0,     0,    48,     0,
       0,     0,     0,     0,     0,     0,     0,     0,     0,     0,
      49,    50,    51,     0,     0,     0,     0,     0,     0,    52,
      53,     0,   357,    54,     0,    55,    56,    16,     0,    17,
      18,    19,    20,    21,     0,     0,    22,    23,    24,    25,
      26,     0,    27,    28,    29,    30,    31,    32,     0,     0,
       0,     0,     0,     0,    33,     0,     0,     0,     0,     0,
       0,     0,     0,     0,     0,     0,     0,     0,     0,    34,
       0,    35,    36,    37,    38,    39,    40,     0,     0,     0,
       0,    41,    42,    43,    44,    45,    46,    47,     0,     0,
       0,     0,     0,     0,     0,     0,     0,    48,   172,     0,
       0,     0,     0,     0,     0,   173,   174,   175,   176,    49,
      50,    51,     0,     0,     0,     0,     0,     0,    52,    53,
       0,     0,    54,     0,    55,    56,     0,   177,   178,   350,
     179,   180,   181,   182,   183,   184,   185,     0,     0,     0,
       0,   186,   187,   188,   189,   190,   172,     0,   191,     0,
       0,     0,     0,   173,   174,   175,   176,     0,     0,     0,
       0,     0,     0,     0,     0,     0,     0,     0,     0,     0,
       0,     0,     0,     0,     0,   177,   178,     0,   179,   180,
     181,   182,   183,   184,   185,     0,     0,     0,     0,   186,
     187,   188,   189,   190,     0,     0,   191
};

#define yypact_value_is_default(yystate) \
  ((yystate) == (-425))

#define yytable_value_is_error(yytable_value) \
  ((yytable_value) == (-257))

static const yytype_int16 yycheck[] =
{
      15,   317,    46,     9,    40,    46,   335,   119,     9,   130,
      16,   426,    48,    11,    10,    20,    21,     9,    23,    24,
       9,    23,    11,    19,    20,    21,     0,    23,    24,    15,
      16,    17,   456,   145,    82,    40,    41,    43,    23,    15,
      16,     9,    77,    39,    40,    41,    42,     9,    54,     9,
      55,    56,    20,     9,    15,    16,    11,    25,    20,    55,
      56,   460,   110,    25,    20,    82,    19,    20,    21,    25,
      23,    24,   106,   472,   473,   106,    20,    12,    78,    79,
      80,    25,    12,   119,    70,   484,   106,    40,    41,    12,
     106,   126,   317,    46,   319,   320,   511,   521,   497,    95,
     499,   137,    55,    56,   102,   107,   107,   107,   437,   145,
     231,    78,    79,    80,    12,   107,   122,   106,   517,    46,
      47,   106,   108,   129,   130,   130,    78,    79,    80,   125,
     106,    12,   108,     9,   130,    11,   106,   466,   105,    92,
     108,   109,   148,    78,    79,    80,   108,   108,    78,    79,
      80,   147,   108,   105,     9,    78,    79,    80,     9,   165,
     166,   167,    20,   169,   170,   171,   210,    20,   393,   210,
     205,   206,   207,   208,   209,    12,   211,   130,   213,   214,
      78,    79,    80,    12,   106,   200,   192,   193,   194,   195,
     196,   197,   198,   199,   147,    12,   232,    78,    79,    80,
     106,     9,   518,    11,   429,     9,   431,    11,    70,   106,
      78,    79,    80,   106,   220,   221,   222,   223,   224,   225,
     216,   333,     9,   106,    11,   231,    12,   106,    15,    16,
      17,    75,    76,    95,    21,    48,   107,   243,   191,   107,
     361,    78,    79,    80,   106,   106,   108,   253,   105,    78,
      79,    80,    78,    79,    80,   480,   106,   210,    78,    79,
      80,    78,    79,    80,    78,    79,    80,   105,   303,    63,
      64,   496,   278,   279,     9,   310,    11,    10,    65,   285,
       9,   286,    11,   318,   306,    11,   308,   107,    72,    63,
     286,   105,    78,    79,    80,    20,    20,   333,    92,   305,
     306,   307,   308,    97,    98,    99,   100,   101,     9,   106,
     104,   317,   424,   319,   320,    78,    79,    80,    92,   106,
      72,   108,   109,    97,    98,    99,   100,   101,   106,   105,
     104,    10,    23,   286,    11,    11,   371,    80,   373,   109,
     346,   337,   386,   109,   107,   386,    17,    18,    78,    79,
      80,   109,   387,   109,   109,   361,   309,   106,    18,    30,
     108,    20,   397,    34,   106,   428,   106,   105,    39,   432,
      23,    42,   435,   436,    45,    10,    47,   107,    49,    50,
      51,    52,    53,    23,    78,    79,    80,   393,   424,   452,
     453,    20,    10,   399,    42,    43,    44,    45,    10,   462,
      10,    49,    10,    51,   106,   105,   105,   105,   423,    78,
      79,    80,   475,   107,   107,   105,   479,   105,   481,   105,
      78,    79,    80,   429,   105,   431,    23,   105,   443,     9,
      78,    79,    80,   386,   449,    78,    79,    80,   107,    78,
      79,    80,    61,    62,    63,    64,   509,   105,    78,    79,
      80,   105,    12,   516,   105,   461,    10,   105,   105,   474,
       9,   107,   105,   526,   105,    74,   105,   105,   105,   465,
      89,    90,    91,    92,   480,   105,   107,     0,    97,    98,
      99,   100,   101,   106,   106,   104,     9,   502,    11,    12,
     496,   107,    97,    98,    99,   100,   101,   168,   513,   104,
       9,   172,   173,   174,   175,   176,   177,   178,   179,   180,
     181,   182,   183,   184,   185,   105,   187,    73,    19,    42,
      43,    44,    45,   105,   105,    12,    49,   102,    51,   461,
     518,    54,     3,     4,     5,     6,     7,     8,    61,    62,
      63,    64,    92,    33,   219,   100,     0,    97,    98,    99,
     100,   101,   438,   396,   104,    78,    79,    80,    12,    82,
      83,    84,    85,    86,    87,    88,    89,    90,    91,    92,
     386,    -1,    -1,    -1,    97,    98,    99,   100,   101,    -1,
      -1,   104,   105,   210,   107,    -1,    -1,   110,    42,    43,
      44,    45,    -1,    -1,    -1,    49,    -1,    51,    -1,    -1,
      54,    99,   100,   101,    -1,    -1,   104,    61,    62,    63,
      64,    -1,    -1,    -1,    -1,    -1,    -1,    -1,    -1,    -1,
      -1,    -1,    -1,    -1,    78,    79,    80,    -1,    82,    83,
      84,    85,    86,    87,    88,    89,    90,    91,    92,    -1,
      -1,    -1,    -1,    97,    98,    99,   100,   101,    -1,    -1,
     104,   105,    -1,   107,     0,     1,   110,    -1,    -1,    -1,
      -1,    -1,    -1,     9,    -1,    11,    -1,    13,    14,    15,
      16,    17,    -1,    -1,    20,    21,    22,    23,    24,   350,
      26,    27,    28,    29,    30,    31,    32,    33,    34,    35,
      36,    37,    38,    39,    40,    41,    42,    43,    44,    45,
      -1,    -1,    -1,    49,    50,    51,    52,    53,    -1,    55,
      56,    57,    58,    59,    60,    -1,    -1,    -1,    -1,    65,
      66,    67,    68,    69,    70,    71,    -1,    -1,    -1,    -1,
      -1,    -1,    -1,    -1,    -1,    81,    -1,    -1,    -1,    -1,
      -1,    -1,    -1,    -1,    -1,    -1,    -1,    93,    94,    95,
      -1,    -1,    -1,    -1,    -1,    -1,   102,   103,     0,     1,
     106,   107,   108,   109,    -1,    -1,    -1,     9,    -1,    11,
      -1,    13,    14,    15,    16,    17,    -1,    -1,    20,    21,
      22,    23,    24,    -1,    26,    27,    28,    29,    30,    31,
      32,    33,    34,    35,    36,    37,    38,    39,    40,    41,
      42,    43,    44,    45,    -1,    -1,    -1,    49,    50,    51,
      52,    53,    -1,    55,    56,    57,    58,    59,    60,    -1,
      -1,    -1,    -1,    65,    66,    67,    68,    69,    70,    71,
      -1,    -1,    -1,    -1,    -1,    -1,    -1,    -1,    -1,    81,
      -1,    -1,    -1,    -1,    -1,    -1,    -1,    -1,    -1,    -1,
      -1,    93,    94,    95,    -1,    -1,    -1,    -1,    -1,    -1,
     102,   103,     1,    -1,   106,   107,   108,   109,    -1,    -1,
       9,    10,    11,    -1,    13,    14,    15,    16,    17,    -1,
      -1,    20,    21,    22,    23,    24,    -1,    26,    27,    28,
      29,    30,    31,    32,    33,    34,    35,    36,    37,    38,
      39,    40,    41,    42,    43,    44,    45,    -1,    -1,    -1,
      49,    50,    51,    52,    53,    -1,    55,    56,    57,    58,
      59,    60,    -1,    -1,    -1,    -1,    65,    66,    67,    68,
      69,    70,    71,    -1,    -1,    -1,    -1,    -1,    -1,    -1,
      -1,    -1,    81,    -1,    -1,    -1,    -1,    -1,    -1,    -1,
      -1,    -1,    -1,    -1,    93,    94,    95,    -1,    -1,    -1,
      -1,    -1,    -1,   102,   103,     1,    -1,   106,   107,   108,
     109,    -1,    -1,     9,    10,    11,    -1,    13,    14,    15,
      16,    17,    -1,    -1,    20,    21,    22,    23,    24,    -1,
      26,    27,    28,    29,    30,    31,    32,    33,    34,    35,
      36,    37,    38,    39,    40,    41,    42,    43,    44,    45,
      -1,    -1,    -1,    49,    50,    51,    52,    53,    -1,    55,
      56,    57,    58,    59,    60,    -1,    -1,    -1,    -1,    65,
      66,    67,    68,    69,    70,    71,    -1,    -1,    -1,    -1,
      -1,    -1,    -1,    -1,    -1,    81,    -1,    -1,    -1,    -1,
      -1,    -1,    -1,    -1,    -1,    -1,    -1,    93,    94,    95,
      -1,    -1,    -1,    -1,    -1,    -1,   102,   103,     1,    -1,
     106,   107,   108,   109,    -1,    -1,     9,    10,    11,    -1,
      13,    14,    15,    16,    17,    -1,    -1,    20,    21,    22,
      23,    24,    -1,    26,    27,    28,    29,    30,    31,    32,
      33,    34,    35,    36,    37,    38,    39,    40,    41,    42,
      43,    44,    45,    -1,    -1,    -1,    49,    50,    51,    52,
      53,    -1,    55,    56,    57,    58,    59,    60,    -1,    -1,
      -1,    -1,    65,    66,    67,    68,    69,    70,    71,    -1,
      -1,    -1,    -1,    -1,    -1,    -1,    -1,    -1,    81,    -1,
      -1,    -1,    -1,    -1,    -1,    -1,    -1,    -1,    -1,    -1,
      93,    94,    95,    -1,    -1,    -1,    -1,    -1,    -1,   102,
     103,     1,    -1,   106,   107,   108,   109,    -1,    -1,     9,
      10,    11,    -1,    13,    14,    15,    16,    17,    -1,    -1,
      20,    21,    22,    23,    24,    -1,    26,    27,    28,    29,
      30,    31,    32,    33,    34,    35,    36,    37,    38,    39,
      40,    41,    42,    43,    44,    45,    -1,    -1,    -1,    49,
      50,    51,    52,    53,    -1,    55,    56,    57,    58,    59,
      60,    -1,    -1,    -1,    -1,    65,    66,    67,    68,    69,
      70,    71,    -1,    -1,    -1,    -1,    -1,    -1,    -1,    -1,
      -1,    81,    -1,    -1,    -1,    -1,    -1,    -1,    -1,    -1,
      -1,    -1,    -1,    93,    94,    95,    -1,    -1,    -1,    -1,
      -1,    -1,   102,   103,     1,    -1,   106,   107,   108,   109,
      -1,    -1,     9,    10,    11,    -1,    13,    14,    15,    16,
      17,    -1,    -1,    20,    21,    22,    23,    24,    -1,    26,
      27,    28,    29,    30,    31,    32,    33,    34,    35,    36,
      37,    38,    39,    40,    41,    42,    43,    44,    45,    -1,
      -1,    -1,    49,    50,    51,    52,    53,    -1,    55,    56,
      57,    58,    59,    60,    -1,    -1,    -1,    -1,    65,    66,
      67,    68,    69,    70,    71,    -1,    -1,    -1,    -1,    -1,
      -1,    -1,    -1,    -1,    81,    -1,    -1,    -1,    -1,    -1,
      -1,    -1,    -1,    -1,    -1,    -1,    93,    94,    95,    -1,
      -1,    -1,    -1,    -1,    -1,   102,   103,     1,    -1,   106,
     107,   108,   109,    -1,    -1,     9,    10,    11,    -1,    13,
      14,    15,    16,    17,    -1,    -1,    20,    21,    22,    23,
      24,    -1,    26,    27,    28,    29,    30,    31,    32,    33,
      34,    35,    36,    37,    38,    39,    40,    41,    42,    43,
      44,    45,    -1,    -1,    -1,    49,    50,    51,    52,    53,
      -1,    55,    56,    57,    58,    59,    60,    -1,    -1,    -1,
      -1,    65,    66,    67,    68,    69,    70,    71,    -1,    -1,
      -1,    -1,    -1,    -1,    -1,    -1,    -1,    81,    -1,    -1,
      -1,    -1,    -1,    -1,    -1,    -1,    -1,    -1,    -1,    93,
      94,    95,    -1,    -1,    -1,    -1,    -1,    -1,   102,   103,
       1,    -1,   106,   107,   108,   109,    -1,    -1,     9,    -1,
      11,    -1,    13,    14,    15,    16,    17,    -1,    -1,    20,
      21,    22,    23,    24,    -1,    26,    27,    28,    29,    30,
      31,    32,    33,    34,    35,    36,    37,    38,    39,    40,
      41,    42,    43,    44,    45,    -1,    -1,    -1,    49,    50,
      51,    52,    53,    -1,    55,    56,    57,    58,    59,    60,
      -1,    -1,    -1,    -1,    65,    66,    67,    68,    69,    70,
      71,    -1,    -1,    74,    -1,    -1,    -1,    -1,    -1,    -1,
      81,    -1,    -1,    -1,    -1,    -1,    -1,    -1,    -1,    -1,
      -1,    -1,    93,    94,    95,    -1,    -1,    -1,    -1,    -1,
      -1,   102,   103,     1,    -1,   106,   107,   108,   109,    -1,
      -1,     9,    -1,    11,    -1,    13,    14,    15,    16,    17,
      -1,    -1,    20,    21,    22,    23,    24,    -1,    26,    27,
      28,    29,    30,    31,    32,    33,    34,    35,    36,    37,
      38,    39,    40,    41,    42,    43,    44,    45,    -1,    -1,
      -1,    49,    50,    51,    52,    53,    -1,    55,    56,    57,
      58,    59,    60,    -1,    -1,    -1,    -1,    65,    66,    67,
      68,    69,    70,    71,    -1,    -1,    -1,    -1,    -1,    -1,
      -1,    -1,    -1,    81,    -1,    -1,    -1,    -1,    -1,    -1,
      -1,    -1,    -1,    -1,    -1,    93,    94,    95,    -1,    -1,
      -1,    -1,    -1,    -1,   102,   103,     1,    -1,   106,   107,
     108,   109,    -1,    -1,     9,    -1,    11,    -1,    13,    14,
      15,    16,    17,    -1,    -1,    20,    21,    22,    23,    24,
      -1,    26,    27,    28,    29,    30,    31,    32,    -1,    34,
      35,    36,    37,    38,    39,    40,    41,    42,    43,    44,
      45,    -1,    -1,    -1,    49,    50,    51,    52,    53,    -1,
      55,    56,    57,    58,    59,    60,    -1,    -1,    -1,    -1,
      65,    66,    67,    68,    69,    70,    71,    -1,    -1,    -1,
      -1,    -1,    -1,    -1,    -1,    -1,    81,    -1,    -1,    -1,
      -1,    -1,    -1,    -1,    -1,    -1,    -1,    -1,    93,    94,
      95,    -1,    -1,    -1,    -1,     1,    -1,   102,   103,    -1,
      -1,   106,   107,   108,   109,    11,    -1,    13,    14,    15,
      16,    17,    -1,    -1,    20,    21,    22,    23,    24,    -1,
      26,    27,    28,    29,    30,    31,    -1,    -1,    -1,    -1,
      -1,    -1,    38,    -1,    -1,    -1,    54,    -1,    -1,    -1,
      -1,    -1,    -1,    61,    62,    63,    64,    53,    -1,    55,
      56,    57,    58,    59,    60,    -1,    -1,    -1,    -1,    65,
      66,    67,    68,    69,    70,    71,    84,    -1,    86,    87,
      88,    89,    90,    91,    92,    81,    -1,    -1,    -1,    97,
      98,    99,   100,   101,    -1,    -1,   104,    93,    94,    95,
      -1,    -1,    -1,    -1,     1,    -1,   102,   103,    -1,    -1,
     106,   107,   108,   109,    11,    -1,    13,    14,    15,    16,
      17,    -1,    -1,    20,    21,    22,    23,    24,    -1,    26,
      27,    28,    29,    30,    31,    -1,    -1,    -1,    -1,    -1,
      -1,    38,    -1,    54,    -1,    -1,    -1,    -1,    -1,    -1,
      61,    62,    63,    64,    -1,    -1,    53,    -1,    55,    56,
      57,    58,    59,    60,    -1,    -1,    -1,    -1,    65,    66,
      67,    68,    69,    70,    71,    86,    87,    88,    89,    90,
      91,    92,    -1,    -1,    81,    -1,    97,    98,    99,   100,
     101,    -1,    -1,   104,    -1,    -1,    93,    94,    95,    -1,
      -1,    -1,    -1,    -1,    -1,   102,   103,    -1,   105,   106,
      -1,   108,   109,     9,    -1,    11,    -1,    13,    14,    15,
      16,    17,    -1,    -1,    20,    21,    22,    23,    24,    25,
      26,    27,    28,    29,    30,    31,    -1,    -1,    -1,    -1,
      -1,    -1,    38,    -1,    -1,    -1,    -1,    -1,    -1,    -1,
      61,    62,    63,    64,    -1,    -1,    -1,    53,    -1,    55,
      56,    57,    58,    59,    60,    -1,    -1,    -1,    -1,    65,
      66,    67,    68,    69,    70,    71,    -1,    88,    89,    90,
      91,    92,    -1,    -1,    -1,    81,    97,    98,    99,   100,
     101,    -1,    -1,   104,    -1,    -1,    -1,    93,    94,    95,
      -1,    -1,    42,    43,    44,    45,   102,   103,    -1,    49,
     106,    51,   108,   109,     9,    -1,    11,    -1,    13,    14,
      15,    16,    17,    -1,    -1,    20,    21,    22,    23,    24,
      -1,    26,    27,    28,    29,    30,    31,    -1,    78,    79,
      80,    -1,    -1,    38,    -1,    -1,    -1,    -1,    -1,    -1,
      -1,    61,    62,    63,    64,    -1,    -1,    -1,    53,    -1,
      55,    56,    57,    58,    59,    60,    -1,    -1,    -1,    -1,
      65,    66,    67,    68,    69,    70,    71,    -1,    -1,    -1,
      90,    91,    92,    -1,    -1,    -1,    81,    97,    98,    99,
     100,   101,    -1,    -1,   104,    -1,    -1,    -1,    93,    94,
      95,    -1,    -1,    -1,    -1,    -1,    -1,   102,   103,    -1,
      -1,   106,    -1,   108,   109,    11,    12,    13,    14,    15,
      16,    17,    -1,    -1,    20,    21,    22,    23,    24,    -1,
      26,    27,    28,    29,    30,    31,    -1,    -1,    -1,    -1,
      -1,    -1,    38,    -1,    -1,    -1,    -1,    -1,    -1,    -1,
      61,    62,    63,    64,    -1,    -1,    -1,    53,    -1,    55,
      56,    57,    58,    59,    60,    -1,    -1,    -1,    -1,    65,
      66,    67,    68,    69,    70,    71,    -1,    -1,    -1,    -1,
      91,    92,    -1,    -1,    -1,    81,    97,    98,    99,   100,
     101,    -1,    -1,   104,    -1,    -1,    -1,    93,    94,    95,
      -1,    -1,    -1,    -1,    -1,    -1,   102,   103,    -1,    -1,
     106,    -1,   108,   109,    11,    -1,    13,    14,    15,    16,
      17,    -1,    -1,    20,    21,    22,    23,    24,    -1,    26,
      27,    28,    29,    30,    31,    -1,    -1,    -1,    -1,    -1,
      -1,    38,    -1,    -1,    -1,    -1,    -1,    -1,    -1,    61,
      62,    63,    64,    -1,    -1,    -1,    53,    -1,    55,    56,
      57,    58,    59,    60,    -1,    -1,    -1,    -1,    65,    66,
      67,    68,    69,    70,    71,    -1,    -1,    -1,    -1,    91,
      92,    -1,    -1,    -1,    81,    97,    98,    99,   100,   101,
      -1,    -1,   104,    -1,    -1,    -1,    93,    94,    95,    -1,
      -1,    -1,    -1,    -1,    -1,   102,   103,    -1,    -1,   106,
     107,   108,   109,    11,    -1,    13,    14,    15,    16,    17,
      -1,    -1,    20,    21,    22,    23,    24,    -1,    26,    27,
      28,    29,    30,    31,    -1,    -1,    -1,    -1,    -1,    -1,
      38,    -1,    -1,    -1,    -1,    -1,    -1,    -1,    61,    -1,
      63,    64,    -1,    -1,    -1,    53,    -1,    55,    56,    57,
      58,    59,    60,    -1,    -1,    -1,    -1,    65,    66,    67,
      68,    69,    70,    71,    -1,    -1,    -1,    -1,    91,    92,
      -1,    -1,    -1,    81,    97,    98,    99,   100,   101,    -1,
      -1,   104,    -1,    -1,    -1,    93,    94,    95,    -1,    -1,
      -1,    -1,    -1,    -1,   102,   103,    -1,   105,   106,    -1,
     108,   109,    11,    -1,    13,    14,    15,    16,    17,    -1,
      -1,    20,    21,    22,    23,    24,    -1,    26,    27,    28,
      29,    30,    31,    -1,    -1,    -1,    -1,    -1,    -1,    38,
      -1,    -1,    -1,    -1,    -1,    -1,    -1,    -1,    -1,    63,
      64,    -1,    -1,    -1,    53,    -1,    55,    56,    57,    58,
      59,    60,    -1,    -1,    -1,    -1,    65,    66,    67,    68,
      69,    70,    71,    -1,    -1,    -1,    -1,    91,    92,    -1,
      -1,    -1,    81,    97,    98,    99,   100,   101,    -1,    -1,
     104,    -1,    -1,    -1,    93,    94,    95,    -1,    -1,    -1,
      -1,    -1,    -1,   102,   103,    -1,   105,   106,    -1,   108,
     109,    11,    -1,    13,    14,    15,    16,    17,    -1,    -1,
      20,    21,    22,    23,    24,    -1,    26,    27,    28,    29,
      30,    31,    -1,    -1,    -1,    -1,    -1,    -1,    38,    -1,
      -1,    -1,    -1,    -1,    -1,    -1,    -1,    -1,    -1,    -1,
      -1,    -1,    -1,    53,    -1,    55,    56,    57,    58,    59,
      60,    -1,    -1,    -1,    -1,    65,    66,    67,    68,    69,
      70,    71,    -1,    -1,    -1,    -1,    -1,    -1,    -1,    -1,
      -1,    81,    -1,    -1,    -1,    -1,    -1,    -1,    -1,    -1,
      -1,    -1,    -1,    93,    94,    95,    -1,    -1,    -1,    -1,
      -1,    -1,   102,   103,    -1,   105,   106,    -1,   108,   109,
      11,    -1,    13,    14,    15,    16,    17,    -1,    -1,    20,
      21,    22,    23,    24,    -1,    26,    27,    28,    29,    30,
      31,    -1,    -1,    -1,    -1,    -1,    -1,    38,    -1,    -1,
      -1,    -1,    -1,    -1,    -1,    -1,    -1,    -1,    -1,    -1,
      -1,    -1,    53,    -1,    55,    56,    57,    58,    59,    60,
      -1,    -1,    -1,    -1,    65,    66,    67,    68,    69,    70,
      71,    -1,    -1,    -1,    -1,    -1,    -1,    -1,    -1,    -1,
      81,    -1,    -1,    -1,    -1,    -1,    -1,    -1,    -1,    -1,
      -1,    -1,    93,    94,    95,    -1,    -1,    -1,    -1,    -1,
      -1,   102,   103,    -1,   105,   106,    -1,   108,   109,    11,
      -1,    13,    14,    15,    16,    17,    -1,    -1,    20,    21,
      22,    23,    24,    -1,    26,    27,    28,    29,    30,    31,
      -1,    -1,    -1,    -1,    -1,    -1,    38,    -1,    -1,    -1,
      -1,    -1,    -1,    -1,    -1,    -1,    -1,    -1,    -1,    -1,
      -1,    53,    -1,    55,    56,    57,    58,    59,    60,    -1,
      -1,    -1,    -1,    65,    66,    67,    68,    69,    70,    71,
      -1,    -1,    -1,    -1,    -1,    -1,    -1,    -1,    -1,    81,
      -1,    -1,    -1,    -1,    -1,    -1,    -1,    -1,    -1,    -1,
      -1,    93,    94,    95,    -1,    -1,    -1,    -1,    -1,    -1,
     102,   103,    -1,   105,   106,    -1,   108,   109,    11,    -1,
      13,    14,    15,    16,    17,    -1,    -1,    20,    21,    22,
      23,    24,    -1,    26,    27,    28,    29,    30,    31,    -1,
      -1,    -1,    -1,    -1,    -1,    38,    -1,    -1,    -1,    -1,
      -1,    -1,    -1,    -1,    -1,    -1,    -1,    -1,    -1,    -1,
      53,    -1,    55,    56,    57,    58,    59,    60,    -1,    -1,
      -1,    -1,    65,    66,    67,    68,    69,    70,    71,    -1,
      -1,    -1,    -1,    -1,    -1,    -1,    -1,    -1,    81,    -1,
      -1,    -1,    -1,    -1,    -1,    -1,    -1,    -1,    -1,    -1,
      93,    94,    95,    -1,    -1,    -1,    -1,    -1,    -1,   102,
     103,    -1,   105,   106,    -1,   108,   109,    11,    -1,    13,
      14,    15,    16,    17,    -1,    -1,    20,    21,    22,    23,
      24,    -1,    26,    27,    28,    29,    30,    31,    -1,    -1,
      -1,    -1,    -1,    -1,    38,    -1,    -1,    -1,    -1,    -1,
      -1,    -1,    -1,    -1,    -1,    -1,    -1,    -1,    -1,    53,
      -1,    55,    56,    57,    58,    59,    60,    -1,    -1,    -1,
      -1,    65,    66,    67,    68,    69,    70,    71,    -1,    -1,
      -1,    -1,    -1,    -1,    -1,    -1,    -1,    81,    54,    -1,
      -1,    -1,    -1,    -1,    -1,    61,    62,    63,    64,    93,
      94,    95,    -1,    -1,    -1,    -1,    -1,    -1,   102,   103,
      -1,    -1,   106,    -1,   108,   109,    -1,    83,    84,    85,
      86,    87,    88,    89,    90,    91,    92,    -1,    -1,    -1,
      -1,    97,    98,    99,   100,   101,    54,    -1,   104,    -1,
      -1,    -1,    -1,    61,    62,    63,    64,    -1,    -1,    -1,
      -1,    -1,    -1,    -1,    -1,    -1,    -1,    -1,    -1,    -1,
      -1,    -1,    -1,    -1,    -1,    83,    84,    -1,    86,    87,
      88,    89,    90,    91,    92,    -1,    -1,    -1,    -1,    97,
      98,    99,   100,   101,    -1,    -1,   104
};

/* YYSTOS[STATE-NUM] -- The (internal number of the) accessing
   symbol of state STATE-NUM.  */
static const yytype_uint8 yystos[] =
{
       0,     3,     4,     5,     6,     7,     8,   112,   113,   114,
     115,   116,   117,   118,     0,   121,    11,    13,    14,    15,
      16,    17,    20,    21,    22,    23,    24,    26,    27,    28,
      29,    30,    31,    38,    53,    55,    56,    57,    58,    59,
      60,    65,    66,    67,    68,    69,    70,    71,    81,    93,
      94,    95,   102,   103,   106,   108,   109,   160,   161,   162,
     165,   166,   167,   168,   169,   170,   172,   175,   180,   181,
     182,   184,   185,   186,   187,   188,   189,     9,   119,     1,
      32,    34,    35,    36,    37,    39,    40,    41,    42,    43,
      44,    45,    49,    50,    51,    52,   107,   119,   128,   139,
     150,   160,    33,   126,   127,   128,   124,   124,    12,   160,
     170,   170,    20,    25,   119,   181,   190,   190,   190,   190,
     190,   171,    11,   106,   170,   152,   152,   170,   106,   106,
     106,   119,   170,    20,   161,   174,   181,   190,   190,   119,
     170,   107,   160,    20,    25,   154,   170,    15,   106,   173,
     181,   182,   183,   184,   170,   161,   170,   170,   170,   170,
     170,   105,   160,   190,   190,    78,    79,    80,    82,     9,
      11,   106,    54,    61,    62,    63,    64,    83,    84,    86,
      87,    88,    89,    90,    91,    92,    97,    98,    99,   100,
     101,   104,   106,     9,    11,     9,    11,     9,    11,     9,
     121,   153,    20,    20,   151,   106,   106,   106,   106,    70,
      95,   106,   181,   106,   106,   119,    48,   141,   107,   154,
      42,    43,    44,    45,    49,    51,   127,   128,   126,    12,
     174,   106,   106,   160,   105,   119,    23,   121,   155,   105,
     105,   160,   175,   190,   161,    10,   107,   174,    25,   105,
     160,    72,   157,    11,   105,   160,   160,   160,   170,   160,
     160,   105,   160,   170,   170,   170,   170,   170,   170,   170,
     170,   170,   170,   170,   170,   170,   170,   170,     9,    11,
      15,    16,    17,    21,    65,   106,   108,   109,   164,   181,
     105,   160,   160,   160,   160,   160,   160,   160,   160,   124,
      20,   149,    20,     9,   131,   121,   121,   121,   121,   121,
      70,   178,   179,   180,   181,   182,   184,   121,   106,   121,
     121,   119,   151,   160,   145,   160,   160,   160,   160,   160,
     175,   161,    12,   163,   106,   158,    72,   156,   105,   105,
     160,    10,    11,   105,    23,   160,    11,   107,    12,   105,
      85,   160,   160,   109,   109,   109,   109,   105,   160,   109,
     109,   106,   105,   107,    12,   107,    12,   107,    12,   107,
      10,    18,   120,     9,   107,   121,    20,   144,   160,   145,
     146,   160,   145,   148,   177,   181,   121,   106,   139,   143,
     146,   147,   160,   121,   146,   146,   129,   130,   105,   110,
     176,   174,    75,    76,   156,    23,   119,   105,    23,    12,
     160,    10,   170,   107,    12,   105,   175,    10,    10,    10,
      10,   121,   121,   136,    20,   105,   105,   105,   105,   106,
     178,   121,   105,   107,   146,   105,   105,   155,   121,   160,
     105,   105,   105,     9,    12,    12,    10,   105,   107,   135,
     124,   174,   142,   142,     9,   122,   122,   146,   134,   146,
     122,   132,   105,   122,   122,   156,   158,   124,    74,   124,
      10,   107,   122,   122,   123,    46,    47,   140,   140,   105,
     106,   105,   141,   144,   122,   107,   119,   159,   156,    10,
     125,    10,   141,   141,   124,   122,   106,   122,   146,   122,
     107,   141,     9,    23,   107,   137,    10,   146,   141,   105,
     141,   133,   124,    73,   138,    19,   105,   122,   142,    10,
     124,   122,   141,   147,    74,   140,   105,   122
};

typedef enum {
	toketype_ival, toketype_opval, toketype_pval
} toketypes;

/* type of each token/terminal */
static const toketypes yy_type_tab[] =
{
  toketype_ival, toketype_ival, toketype_ival, toketype_ival, toketype_ival, toketype_ival,
  toketype_ival, toketype_ival, toketype_ival, toketype_ival, toketype_ival, toketype_ival,
  toketype_ival, toketype_ival, toketype_ival, toketype_ival, toketype_ival, toketype_ival, toketype_ival, toketype_ival, toketype_opval, toketype_opval,
  toketype_opval, toketype_opval, toketype_opval, toketype_opval, toketype_opval, toketype_opval,
  toketype_opval, toketype_opval, toketype_opval, toketype_opval, toketype_opval, toketype_pval,
  toketype_ival, toketype_ival, toketype_ival, toketype_ival, toketype_ival, toketype_ival, toketype_ival,
  toketype_ival, toketype_ival, toketype_ival, toketype_ival, toketype_ival, toketype_ival, toketype_ival, toketype_ival,
  toketype_ival, toketype_ival, toketype_ival, toketype_ival, toketype_ival, toketype_ival, toketype_ival,
  toketype_ival, toketype_ival, toketype_ival, toketype_ival, toketype_ival, toketype_ival, toketype_ival, toketype_ival,
  toketype_ival, toketype_ival, toketype_ival, toketype_ival, toketype_ival, toketype_ival, toketype_ival,
  toketype_ival, toketype_ival, toketype_ival, toketype_ival, toketype_ival,
  toketype_ival, toketype_ival, toketype_ival, toketype_ival, toketype_ival, toketype_ival, toketype_ival,
  toketype_ival, toketype_ival, toketype_ival, toketype_ival, toketype_ival, toketype_ival, toketype_ival,
  toketype_ival, toketype_ival, toketype_ival, toketype_ival, toketype_ival, toketype_ival, toketype_ival,
  toketype_ival, toketype_ival, toketype_ival, toketype_ival, toketype_ival, toketype_ival, toketype_ival,
  toketype_ival, toketype_ival, toketype_ival, toketype_ival, toketype_ival, toketype_ival, toketype_ival, toketype_ival, toketype_ival,
  toketype_ival, toketype_ival, toketype_ival, toketype_ival, toketype_ival, toketype_ival, toketype_opval, toketype_opval,
  toketype_ival, toketype_opval, toketype_ival, toketype_opval, toketype_opval, toketype_opval,
  toketype_opval, toketype_opval, toketype_ival, toketype_ival, toketype_ival, toketype_ival, toketype_ival, toketype_ival,
  toketype_ival, toketype_ival, toketype_opval, toketype_opval, toketype_opval, toketype_opval, toketype_opval,
  toketype_ival, toketype_opval, toketype_opval, toketype_opval, toketype_opval, toketype_opval, toketype_opval,
  toketype_opval, toketype_ival, toketype_ival, toketype_ival, toketype_ival,
  toketype_opval, toketype_opval, toketype_opval, toketype_opval, toketype_opval,
  toketype_opval, toketype_opval, toketype_opval, toketype_opval, toketype_ival, toketype_opval,
  toketype_opval, toketype_opval, toketype_opval, toketype_opval, toketype_opval, toketype_opval,
  toketype_ival, toketype_opval, toketype_opval, toketype_opval, toketype_opval, toketype_opval,
  toketype_opval, toketype_opval, toketype_opval, toketype_opval, toketype_opval, toketype_opval,
  toketype_opval, toketype_opval, toketype_opval, toketype_opval, toketype_opval, toketype_opval, toketype_opval,
  toketype_opval
};

/* Generated from:
 * 238ec54733ab880eb9a61077e56974a46eb3a828507b0722d5d86d541dbc3ae5 perly.y
 * af369e0c00095e7003f0182d06a52d35c908c9d43a864a7e300b79c1d34fbfdc regen_perly.pl
 * ex: set ro: */
