/* ex: set ro ft=c: -*- buffer-read-only: t -*-
   !!!!!!!   DO NOT EDIT THIS FILE   !!!!!!!
   This file is built by regen_perly.pl from perly.y.
   Any changes made here will be lost!
 */

#define YYFINAL  14
/* YYLAST -- Last index in YYTABLE.  */
#define YYLAST   3126

/* YYNTOKENS -- Number of terminals.  */
#define YYNTOKENS  109
/* YYNNTS -- Number of nonterminals.  */
#define YYNNTS  80
/* YYNRULES -- Number of rules.  */
#define YYNRULES  260
/* YYNSTATES -- Number of states.  */
#define YYNSTATES  525

/* YYTRANSLATE[YYX] -- Symbol number corresponding to YYX as returned
   by yylex, with out-of-bounds checking.  */
#define YYUNDEFTOK  2
#define YYMAXUTOK   341

#define YYTRANSLATE(YYX)                                                \
  ((unsigned int) (YYX) <= YYMAXUTOK ? yytranslate[YYX] : YYUNDEFTOK)

/* YYTRANSLATE[TOKEN-NUM] -- Symbol number corresponding to TOKEN-NUM
   as returned by yylex, without out-of-bounds checking.  */
static const yytype_uint8 yytranslate[] =
{
       0,     2,     2,     2,     2,     2,     2,     2,     2,     2,
       2,     2,     2,     2,     2,     2,     2,     2,     2,     2,
       2,     2,     2,     2,     2,     2,     2,     2,     2,     2,
       2,     2,     2,    91,     2,     2,   106,    16,    17,     2,
     104,   103,   107,    14,    80,    13,    19,   108,     2,     2,
       2,     2,     2,     2,     2,     2,     2,     2,    83,   105,
       2,    18,     2,    82,    15,     2,     2,     2,     2,     2,
       2,     2,     2,     2,     2,     2,     2,     2,     2,     2,
       2,     2,     2,     2,     2,     2,     2,     2,     2,     2,
       2,    11,     2,    12,     2,     2,     2,     2,     2,     2,
       2,     2,     2,     2,     2,     2,     2,     2,     2,     2,
       2,     2,     2,     2,     2,     2,     2,     2,     2,     2,
       2,     2,     2,     9,     2,    10,    92,     2,     2,     2,
       2,     2,     2,     2,     2,     2,     2,     2,     2,     2,
       2,     2,     2,     2,     2,     2,     2,     2,     2,     2,
       2,     2,     2,     2,     2,     2,     2,     2,     2,     2,
       2,     2,     2,     2,     2,     2,     2,     2,     2,     2,
       2,     2,     2,     2,     2,     2,     2,     2,     2,     2,
       2,     2,     2,     2,     2,     2,     2,     2,     2,     2,
       2,     2,     2,     2,     2,     2,     2,     2,     2,     2,
       2,     2,     2,     2,     2,     2,     2,     2,     2,     2,
       2,     2,     2,     2,     2,     2,     2,     2,     2,     2,
       2,     2,     2,     2,     2,     2,     2,     2,     2,     2,
       2,     2,     2,     2,     2,     2,     2,     2,     2,     2,
       2,     2,     2,     2,     2,     2,     2,     2,     2,     2,
       2,     2,     2,     2,     2,     2,     1,     2,     3,     4,
       5,     6,     7,     8,    20,    21,    22,    23,    24,    25,
      26,    27,    28,    29,    30,    31,    32,    33,    34,    35,
      36,    37,    38,    39,    40,    41,    42,    43,    44,    45,
      46,    47,    48,    49,    50,    51,    52,    53,    54,    55,
      56,    57,    58,    59,    60,    61,    62,    63,    64,    65,
      66,    67,    68,    69,    70,    71,    72,    73,    74,    75,
      76,    77,    78,    79,    81,    84,    85,    86,    87,    88,
      89,    90,    93,    94,    95,    96,    97,    98,    99,   100,
     101,   102
};

#if YYDEBUG
  /* YYRLINE[YYN] -- Source line where rule number YYN was defined.  */
static const yytype_uint16 yyrline[] =
{
<<<<<<<
       0,   115,   115,   114,   125,   124,   134,   133,   146,   145,
     158,   157,   170,   169,   181,   189,   197,   201,   209,   215,
     216,   226,   227,   236,   240,   244,   248,   255,   257,   268,
     267,   302,   301,   346,   354,   353,   362,   368,   374,   385,
     387,   389,   396,   404,   406,   403,   423,   428,   435,   434,
     449,   457,   463,   470,   469,   485,   484,   496,   500,   508,
     526,   527,   532,   534,   536,   538,   540,   542,   544,   547,
     553,   554,   559,   570,   571,   577,   583,   584,   589,   592,
     596,   601,   605,   609,   610,   613,   614,   615,   619,   624,
     629,   634,   635,   640,   641,   646,   647,   649,   654,   656,
     662,   661,   680,   681,   685,   687,   689,   691,   695,   697,
     702,   706,   710,   714,   720,   725,   731,   737,   739,   742,
     741,   752,   753,   757,   761,   764,   769,   774,   777,   781,
     785,   788,   793,   797,   800,   802,   804,   809,   811,   813,
     818,   820,   822,   824,   826,   828,   830,   832,   834,   836,
     838,   843,   845,   848,   850,   852,   855,   858,   869,   872,
     875,   882,   884,   886,   888,   890,   893,   912,   914,   918,
     919,   920,   921,   922,   924,   926,   928,   930,   932,   934,
     936,   938,   940,   942,   944,   946,   948,   958,   968,   978,
     988,   990,   992,   995,  1000,  1004,  1006,  1008,  1010,  1013,
    1015,  1018,  1020,  1022,  1024,  1026,  1028,  1030,  1032,  1034,
    1037,  1039,  1041,  1043,  1045,  1047,  1051,  1054,  1053,  1066,
    1067,  1068,  1073,  1077,  1079,  1084,  1086,  1089,  1091,  1093,
    1095,  1100,  1102,  1107,  1108,  1113,  1114,  1120,  1124,  1125,
    1126,  1129,  1130,  1133,  1137,  1141,  1147,  1176,  1182,  1184,
    1188,  1192,  1193,  1197,  1198,  1202,  1203,  1208,  1210,  1212,
    1215
=======
       0,   118,   118,   117,   128,   127,   137,   136,   149,   148,
     161,   160,   173,   172,   184,   192,   200,   204,   212,   218,
     219,   229,   230,   239,   243,   247,   251,   258,   260,   271,
     270,   305,   304,   349,   357,   356,   365,   371,   377,   388,
     390,   392,   399,   407,   409,   406,   426,   431,   438,   437,
     452,   460,   466,   473,   472,   488,   487,   500,   504,   512,
     530,   531,   536,   538,   540,   542,   544,   546,   548,   551,
     557,   558,   563,   574,   575,   581,   587,   588,   593,   596,
     600,   605,   609,   613,   617,   618,   621,   622,   623,   627,
     632,   637,   642,   643,   648,   649,   654,   655,   657,   662,
     664,   670,   669,   688,   689,   693,   695,   697,   699,   703,
     705,   710,   714,   718,   722,   728,   733,   739,   745,   747,
     750,   749,   760,   761,   765,   769,   772,   777,   782,   785,
     789,   793,   796,   801,   805,   808,   810,   812,   817,   819,
     821,   826,   828,   830,   832,   834,   836,   838,   840,   842,
     844,   846,   851,   853,   856,   858,   860,   863,   866,   877,
     880,   883,   890,   892,   894,   896,   898,   901,   920,   922,
     926,   927,   928,   929,   930,   932,   934,   936,   938,   940,
     942,   944,   946,   948,   950,   952,   954,   956,   966,   976,
     986,   996,   998,  1000,  1003,  1008,  1012,  1014,  1016,  1018,
    1021,  1023,  1026,  1028,  1030,  1032,  1034,  1036,  1038,  1040,
    1042,  1045,  1047,  1049,  1051,  1053,  1055,  1059,  1062,  1061,
    1074,  1075,  1076,  1081,  1085,  1087,  1092,  1094,  1097,  1099,
    1101,  1103,  1108,  1110,  1115,  1116,  1121,  1122,  1128,  1132,
    1133,  1134,  1137,  1138,  1141,  1145,  1149,  1155,  1184,  1190,
    1192,  1196,  1200,  1201,  1205,  1206,  1210,  1211,  1216,  1218,
    1220,  1223
>>>>>>>
};
#endif

#if YYDEBUG || YYERROR_VERBOSE || 0
/* YYTNAME[SYMBOL-NUM] -- String name of the symbol SYMBOL-NUM.
   First, the terminals, then, starting at YYNTOKENS, nonterminals.  */
static const char *const yytname[] =
{
  "$end", "error", "$undefined", "GRAMPROG", "GRAMEXPR", "GRAMBLOCK",
  "GRAMBARESTMT", "GRAMFULLSTMT", "GRAMSTMTSEQ", "'{'", "'}'", "'['",
  "']'", "'-'", "'+'", "'@'", "'%'", "'&'", "'='", "'.'", "WORD", "METHOD",
  "FUNCMETH", "THING", "PMFUNC", "PRIVATEREF", "QWLIST", "FUNC0OP",
  "FUNC0SUB", "UNIOPSUB", "LSTOPSUB", "PLUGEXPR", "PLUGSTMT", "LABEL",
  "FORMAT", "SUB", "METHDECL", "MULTIDECL", "ANONSUB", "PACKAGE", "CLASS",
  "USE", "WHILE", "UNTIL", "IF", "UNLESS", "ELSE", "ELSIF", "CONTINUE",
  "FOR", "GIVEN", "WHEN", "DEFAULT", "LOOPEX", "DOTDOT", "YADAYADA",
  "FUNC0", "FUNC1", "FUNC", "UNIOP", "LSTOP", "RELOP", "EQOP", "MULOP",
  "ADDOP", "DOLSHARP", "DO", "HASHBRACK", "NOAMP", "LOCAL", "MY",
  "REQUIRE", "COLONATTR", "FORMLBRACK", "FORMRBRACK", "PREC_LOW", "OROP",
  "DOROP", "ANDOP", "NOTOP", "','", "ASSIGNOP", "'?'", "':'", "OROR",
  "DORDOR", "ANDAND", "BITOROP", "BITANDOP", "SHIFTOP", "MATCHOP", "'!'",
  "'~'", "UMINUS", "REFGEN", "POWOP", "POWCOP", "PREINC", "PREDEC",
  "POSTINC", "POSTDEC", "POSTJOIN", "ARROW", "')'", "'('", "';'", "'$'",
  "'*'", "'/'", "$accept", "grammar", "$@1", "$@2", "$@3", "$@4", "$@5",
  "$@6", "block", "formblock", "remember", "mblock", "mremember",
  "stmtseq", "formstmtseq", "fullstmt", "labfullstmt", "barestmt", "$@7",
  "$@8", "$@9", "$@10", "$@11", "@12", "$@13", "$@14", "formline",
  "formarg", "sideff", "else", "cont", "mintro", "nexpr", "texpr", "iexpr",
  "mexpr", "mnexpr", "formname", "subdecl", "startsub", "startanonsub",
  "startformsub", "subname", "proto", "subattrlist", "myattrlist",
  "subsignature", "@15", "optsubbody", "expr", "listexpr", "listop", "@16",
  "method", "subscripted", "termbinop", "termunop", "anonymous", "termdo",
  "term", "@17", "myattrterm", "myterm", "optlistexpr", "optexpr",
  "optrepl", "my_scalar", "my_var", "refgen_topic", "amper", "scalar",
  "ary", "sizearydecl", "hsh", "arylen", "star", "sliceme", "kvslice",
  "gelem", "indirob", YY_NULLPTR
};
#endif

# ifdef YYPRINT
/* YYTOKNUM[NUM] -- (External) token number corresponding to the
   (internal) symbol number NUM (which must be that of a token).  */
static const yytype_uint16 yytoknum[] =
{
       0,   256,   257,   258,   259,   260,   261,   262,   263,   123,
     125,    91,    93,    45,    43,    64,    37,    38,    61,    46,
     264,   265,   266,   267,   268,   269,   270,   271,   272,   273,
     274,   275,   276,   277,   278,   279,   280,   281,   282,   283,
     284,   285,   286,   287,   288,   289,   290,   291,   292,   293,
     294,   295,   296,   297,   298,   299,   300,   301,   302,   303,
     304,   305,   306,   307,   308,   309,   310,   311,   312,   313,
     314,   315,   316,   317,   318,   319,   320,   321,   322,   323,
      44,   324,    63,    58,   325,   326,   327,   328,   329,   330,
     331,    33,   126,   332,   333,   334,   335,   336,   337,   338,
     339,   340,   341,    41,    40,    59,    36,    42,    47
};
# endif

#define YYPACT_NINF -425

#define yypact_value_is_default(Yystate) \
  (!!((Yystate) == (-425)))

#define YYTABLE_NINF -256

#define yytable_value_is_error(Yytable_value) \
  (!!((Yytable_value) == (-256)))

  /* YYPACT[STATE-NUM] -- Index in YYTABLE of the portion describing
     STATE-NUM.  */
static const yytype_int16 yypact[] =
{
     534,  -425,  -425,  -425,  -425,  -425,  -425,    16,  -425,  2899,
      24,  1632,  1533,  -425,  -425,  -425,  2123,  2899,  2899,    33,
      33,    33,  -425,    33,    33,  -425,  -425,    25,   -63,  -425,
    2899,  -425,  -425,  -425,  2899,  -425,   -55,   -41,   -30,  2026,
    1927,    33,  2026,  2220,    -3,  2899,    71,  2899,  2899,  2899,
    2899,  2899,  2899,  2899,  2317,    33,    33,   245,     3,  -425,
      45,  -425,  -425,  -425,  -425,  2981,  -425,  -425,   -12,    59,
     111,   141,  -425,   110,   163,   239,   117,  -425,  -425,  -425,
    -425,  -425,  -425,  -425,  -425,   112,   113,  -425,    34,    36,
      49,    53,    21,    65,    72,    24,  -425,   135,  -425,    79,
      -3,  2315,  1533,  -425,  -425,  -425,   642,   741,  -425,    67,
     404,   404,  -425,  -425,  -425,  -425,  -425,  -425,  -425,  2899,
      92,   109,  2899,   105,   426,    24,    17,  2981,   121,  2414,
    1927,  -425,   426,   536,     3,  -425,   469,  2899,  -425,  -425,
     426,   223,    -5,  -425,  -425,  2899,   426,    60,  2511,   164,
    -425,  -425,  -425,  -425,   426,     3,   404,   404,   404,   374,
     374,   246,    70,  -425,  -425,  2899,  2899,  2899,  2899,  2899,
    2899,  2608,  2899,  2899,  2899,  2899,  2899,  2899,  2899,  2899,
    2899,  2899,  2899,  2899,  2899,  2899,  2899,  -425,  -425,  -425,
    -425,    97,  2705,  2899,  2899,  2899,  2899,  2899,  2899,  2899,
    -425,   231,   236,   256,  -425,  -425,  -425,  -425,  -425,  -425,
      61,  -425,   165,  -425,  -425,  -425,    24,  -425,  -425,  -425,
    2899,  2899,  2899,  2899,  2899,  2899,  -425,  -425,  -425,  -425,
    -425,  2899,  2899,    78,  -425,  -425,  -425,   166,   199,  -425,
    -425,   232,   171,  2899,     3,  -425,   265,  -425,   269,  -425,
     248,   258,  -425,  2899,   278,   213,   213,  -425,  2981,   104,
     183,  -425,   281,  1718,   299,  2108,   363,   627,  2981,  2938,
    1814,  1814,  1912,  2011,  2205,  2299,   404,   404,  2899,  2899,
     189,   196,   197,  -425,   212,  2802,    30,   226,   234,  -425,
    -425,   341,   129,   186,   153,   200,   177,   210,   190,   840,
    -425,   321,    -7,  -425,   322,  2899,  2899,  2899,  2899,   238,
    -425,  -425,   242,  -425,  -425,  -425,  -425,  1730,  -425,  2899,
    2899,  -425,   249,   245,  -425,   245,   245,   245,   245,   245,
     261,   -33,  -425,  2899,  -425,   199,   329,    24,  -425,  -425,
     358,  -425,   357,  -425,  -425,   216,  2899,   375,  -425,  -425,
    2899,   207,   229,  -425,  -425,  -425,  -425,  -425,   369,  -425,
    -425,  2899,  -425,   380,  -425,   381,  -425,   383,  -425,   387,
    -425,  -425,  -425,  -425,  -425,  -425,   382,   301,   245,   304,
     307,   245,   308,   310,  -425,    73,  -425,  -425,  -425,   317,
     319,   305,  2899,   327,   334,   399,  -425,  -425,  2899,   336,
    -425,   340,   423,  -425,  -425,  -425,   436,  -425,   240,  -425,
    3024,   439,  -425,  -425,   347,  -425,  -425,  -425,  -425,   349,
    -425,  -425,  2899,  -425,  -425,   458,   458,  2899,  -425,  2899,
     458,  -425,   365,   458,   458,   199,   166,   245,  -425,  -425,
    -425,  -425,  -425,  -425,  -425,   396,  -425,   939,   372,   458,
     458,  -425,    58,    58,   376,   378,   385,   135,  2899,   458,
    -425,  -425,     6,   199,  1038,  -425,  1137,  -425,  -425,   135,
     135,  -425,   458,   379,  -425,  -425,   458,  2899,   458,  -425,
     386,   135,  -425,  -425,  -425,   477,  -425,    -4,  -425,  -425,
    -425,  1236,  -425,  2899,   135,   390,   135,  -425,  -425,  -425,
     424,   479,  -425,  -425,   398,  -425,   458,  -425,  -425,  1335,
    -425,  -425,  -425,   458,   135,  1828,  -425,  1434,    58,  -425,
     405,  -425,  -425,   458,  -425
};

  /* YYDEFACT[STATE-NUM] -- Default reduction number in state STATE-NUM.
     Performed when YYTABLE does not specify something else to do.  Zero
     means the default is an error.  */
static const yytype_uint16 yydefact[] =
{
       0,     2,     4,     6,     8,    10,    12,     0,    16,   233,
       0,     0,     0,    19,     1,    19,     0,     0,     0,     0,
       0,     0,   219,     0,     0,   190,   217,   178,   212,   214,
     208,    89,   222,    89,   200,   221,   210,     0,     0,   203,
     231,     0,     0,     0,     0,     0,     0,   206,     0,     0,
       0,     0,     0,     0,     0,     0,     0,   234,   107,   220,
     185,   169,   170,   171,   172,   110,   175,     5,   191,   180,
     183,   182,   184,   181,     0,     0,     0,    16,     7,    62,
      27,    90,    85,    86,    87,     0,     0,    88,     0,     0,
       0,     0,     0,     0,     0,     0,    58,    73,     9,     0,
       0,    63,     0,    11,    24,    23,     0,     0,   162,     0,
     151,   152,   257,   260,   259,   258,   245,   247,   243,   231,
       0,     0,     0,     0,   209,     0,    93,   201,     0,     0,
     233,   204,   205,   257,   232,   117,   258,     0,   248,   168,
     167,     0,     0,    91,    92,   231,   176,     0,     0,   224,
     227,   230,   229,   228,   207,   202,   153,   154,   174,   159,
     160,   179,     0,   244,   250,     0,     0,     0,   108,     0,
       0,     0,     0,     0,     0,     0,     0,     0,     0,     0,
       0,     0,     0,     0,     0,     0,     0,   158,   155,   156,
     157,     0,     0,     0,     0,     0,     0,     0,     0,     0,
      19,    84,     0,     0,    34,    16,    16,    16,    16,    16,
       0,    16,     0,    16,    16,    40,     0,    52,    57,    88,
       0,     0,     0,     0,     0,     0,    26,    25,    20,   161,
     115,   233,     0,     0,   213,   119,    94,     0,    95,   211,
     215,     0,     0,     0,   111,   164,     0,   194,   260,   226,
       0,    99,   223,     0,   177,   105,   106,   104,   109,     0,
       0,   133,     0,   146,   142,   143,   139,   140,   137,     0,
     148,   149,   147,   145,   144,   141,   150,   138,     0,     0,
     252,   254,     0,   121,     0,     0,     0,   256,   114,   122,
     192,     0,     0,     0,     0,     0,     0,     0,     0,     0,
      83,     0,     0,    16,     0,    78,     0,     0,     0,     0,
      16,   241,     0,   242,   238,   239,   240,     0,    16,     0,
       0,    74,    29,    66,    67,    80,    64,    65,    68,    69,
       0,   235,   135,   231,   100,    95,    97,     0,   216,   118,
       0,   163,     0,   225,    98,     0,     0,     0,   126,   132,
       0,     0,     0,   196,   197,   198,   249,   130,     0,   195,
     199,   233,   193,     0,   124,     0,   186,     0,   187,     0,
      14,    16,    28,    16,    33,    55,     0,     0,    79,     0,
       0,    81,     0,     0,   237,     0,    16,    77,    82,     0,
       0,    63,     0,     0,     0,    93,    16,   116,     0,     0,
     120,     0,     0,    96,   165,   112,     0,   136,     0,   129,
     173,     0,   125,   131,     0,   127,   188,   189,   123,     0,
      53,    19,   231,    75,    75,     0,     0,     0,    48,     0,
       0,    43,     0,     0,     0,    95,     0,   236,   218,   101,
      19,   246,   134,   128,   113,     0,    19,     0,     0,     0,
       0,    18,    70,    70,     0,     0,     0,    73,    78,     0,
      38,    39,     0,    95,     0,    21,     0,    56,    35,    73,
      73,    19,     0,     0,    36,    37,     0,     0,     0,    51,
       0,    73,   103,   102,    30,     0,   166,     0,    54,    41,
      42,     0,    71,     0,    73,     0,    73,    44,    47,    19,
      60,     0,    22,    17,     0,    46,     0,    50,    75,     0,
      19,    59,    15,     0,    73,     0,    32,     0,    70,    49,
       0,    61,    72,     0,    45
};

  /* YYPGOTO[NTERM-NUM].  */
static const yytype_int16 yypgoto[] =
{
    -425,  -425,  -425,  -425,  -425,  -425,  -425,  -425,     4,  -425,
     123,   -21,  -425,   -15,  -425,   495,   408,    15,  -425,  -425,
    -425,  -425,  -425,  -425,  -425,  -425,  -425,  -425,  -316,  -424,
     -54,  -413,  -425,    66,   211,  -299,    14,  -425,  -425,   315,
     502,  -425,   444,   167,  -328,  -425,   124,  -425,  -425,    -6,
     -35,  -425,  -425,  -425,  -425,  -425,  -425,  -425,  -425,   193,
    -425,  -425,  -425,  -107,  -122,  -425,  -425,   176,  -425,   353,
      11,   -42,  -425,   -40,  -425,  -425,  -425,  -425,  -425,    41
};

  /* YYDEFGOTO[NTERM-NUM].  */
static const yytype_int16 yydefgoto[] =
{
      -1,     7,     8,     9,    10,    11,    12,    13,    97,   372,
      15,   452,   471,   106,   487,   228,   104,   105,   395,   396,
     304,   458,   508,   455,   446,   421,   502,   511,    99,   474,
     217,   449,   388,   377,   324,   380,   390,   301,   100,   204,
     125,   201,   145,   238,   337,   252,   335,   401,   484,   101,
      58,    59,   333,   288,    60,    61,    62,    63,    64,    65,
     121,    66,   149,   135,    67,   399,   383,   311,   312,    68,
      69,    70,   152,    71,    72,    73,    74,    75,    76,   116
};

  /* YYTABLE[YYPACT[STATE-NUM]] -- What to do in state STATE-NUM.  If
     positive, shift that token.  If negative, reduce the rule whose
     number is the opposite.  If YYTABLE_NINF, syntax error.  */
static const yytype_int16 yytable[] =
{
     107,   387,   373,    57,   151,   134,   153,   402,   242,   382,
     109,   450,   230,   155,    78,    77,    14,   143,   389,   500,
     393,   394,   144,   114,   114,   114,    98,   114,   114,   475,
     115,   115,   115,    77,   115,   115,   122,   142,   247,    77,
     236,   123,    77,   131,   114,   114,   139,   168,   162,   128,
     112,   136,   115,   112,   169,   113,   170,   150,   113,   114,
     114,   117,   118,   129,   119,   120,   115,   115,   193,    77,
     194,   165,   166,   167,   130,   398,    19,    20,    21,   229,
     112,   137,   138,   168,   134,   248,   147,    20,    19,    20,
     332,   209,   192,   432,   522,   515,   163,   164,   374,   215,
     246,   501,   244,   212,   472,   473,   278,   462,   279,   330,
     134,   482,   280,   281,   282,   210,   233,   227,   283,  -255,
    -251,   -16,  -251,   241,    57,   211,   199,    55,   454,   235,
     456,   310,   202,   203,   114,   485,    55,   359,   205,    55,
     206,   136,   250,   165,   166,   167,   165,   166,   167,   171,
    -253,   114,  -253,   207,   165,   166,   167,   208,   115,   255,
     256,   257,   284,   259,   260,   262,    55,    55,   315,   213,
     316,   243,   195,   254,   196,   148,   214,    55,   495,    55,
     165,   166,   167,   216,   218,   299,   291,   292,   293,   294,
     295,   296,   297,   298,   504,   348,   231,   331,   364,   387,
     200,   285,   289,   286,   287,   165,   166,   167,   234,   347,
     110,   111,   366,   232,   323,   325,   326,   327,   328,   329,
     321,   314,   368,   124,   239,    57,   400,   127,   407,   165,
     166,   167,   132,   245,   363,   140,   251,   340,   146,   414,
     154,   412,   156,   157,   158,   159,   160,   345,   197,   237,
     198,   300,   442,   165,   166,   167,   302,   253,   365,   165,
     166,   167,   165,   166,   167,   303,   165,   166,   167,   318,
     334,   336,   351,   352,   339,   341,   165,   166,   167,   358,
     342,   344,   367,   165,   166,   167,   165,   166,   167,   346,
     114,   167,   165,   166,   167,   369,   353,   115,   134,   378,
     325,   381,   381,   354,   355,   165,   166,   167,   165,   166,
     167,   391,   411,   381,   381,   448,   165,   166,   167,   356,
     384,   165,   166,   167,   165,   166,   167,   163,   305,   306,
     307,   308,   309,   360,   317,   338,   319,   320,   361,   371,
     408,   404,   376,   315,    55,   316,   386,   220,   221,   222,
     223,   343,   403,   -31,   224,    57,   225,   165,   166,   167,
    -256,   258,   175,   176,   397,   263,   264,   265,   266,   267,
     268,   269,   270,   271,   272,   273,   274,   275,   276,   277,
     406,   165,   166,   167,   349,   409,   381,   134,   184,   185,
     415,   416,   437,   417,   186,   187,   314,   418,   188,   189,
     190,   191,   422,   479,   423,   453,   447,   424,   -81,   457,
     425,   426,   460,   461,   427,   489,   490,   165,   166,   167,
     430,   381,   236,   381,   431,   464,   375,   498,   469,   470,
     433,   466,   440,   385,   165,   166,   167,   434,   481,   438,
     505,   392,   507,   439,   362,   165,   166,   167,   441,   443,
     444,   492,   378,   185,   445,   494,   491,   496,   186,   187,
     519,   405,   188,   189,   190,   191,   483,   451,   459,  -180,
     465,   381,   413,  -256,  -256,  -256,   191,   468,   193,   476,
     194,  -180,   477,   493,   509,   514,   499,   381,   478,   175,
     176,   497,   518,   506,   419,   517,   420,   510,   512,   186,
     187,   513,   524,   188,   189,   190,   191,   103,   523,   429,
     226,  -180,  -180,  -180,  -180,   184,   185,   379,  -180,   436,
    -180,   186,   187,  -180,   480,   188,   189,   190,   191,   520,
    -180,  -180,  -180,  -180,   322,   126,  -219,     1,     2,     3,
       4,     5,     6,   410,   219,  -180,  -180,  -180,  -219,  -180,
    -180,  -180,  -180,  -180,  -180,  -180,  -180,  -180,  -180,  -180,
     463,   428,   435,   313,  -180,  -180,     0,     0,  -180,  -180,
    -180,  -180,  -180,     0,  -180,     0,     0,  -180,  -219,  -219,
    -219,  -219,     0,     0,     0,  -219,     0,  -219,     0,     0,
    -219,     0,     0,     0,     0,     0,     0,  -219,  -219,  -219,
    -219,     0,     0,     0,     0,     0,     0,     0,     0,     0,
       0,     0,  -219,  -219,  -219,     0,  -219,  -219,  -219,  -219,
    -219,  -219,  -219,  -219,  -219,  -219,  -219,     0,     0,     0,
       0,  -219,  -219,     0,     0,  -219,  -219,  -219,  -219,  -219,
       0,  -219,   -13,    79,  -219,     0,     0,     0,     0,     0,
       0,    77,     0,    16,     0,    17,    18,    19,    20,    21,
       0,     0,    22,    23,    24,    25,    26,     0,    27,    28,
      29,    30,    31,    32,    80,   102,    81,    82,    83,    84,
      33,    85,    86,    87,    88,    89,    90,    91,     0,     0,
     175,    92,    93,    94,    95,    34,     0,    35,    36,    37,
      38,    39,    40,     0,     0,     0,     0,    41,    42,    43,
      44,    45,    46,    47,     0,     0,     0,   185,     0,     0,
       0,    48,   186,   187,     0,     0,   188,   189,   190,   191,
       0,     0,     0,    49,    50,     0,    51,     0,     0,    52,
      53,    -3,    79,     0,     0,     0,    54,    96,    55,    56,
      77,     0,    16,     0,    17,    18,    19,    20,    21,     0,
       0,    22,    23,    24,    25,    26,     0,    27,    28,    29,
      30,    31,    32,    80,   102,    81,    82,    83,    84,    33,
      85,    86,    87,    88,    89,    90,    91,     0,     0,     0,
      92,    93,    94,    95,    34,     0,    35,    36,    37,    38,
      39,    40,     0,     0,     0,     0,    41,    42,    43,    44,
      45,    46,    47,     0,     0,     0,     0,     0,     0,     0,
      48,     0,     0,     0,     0,     0,     0,     0,     0,     0,
       0,     0,    49,    50,     0,    51,     0,     0,    52,    53,
       0,    79,     0,     0,     0,    54,    96,    55,    56,    77,
     370,    16,     0,    17,    18,    19,    20,    21,     0,     0,
      22,    23,    24,    25,    26,     0,    27,    28,    29,    30,
      31,    32,    80,   102,    81,    82,    83,    84,    33,    85,
      86,    87,    88,    89,    90,    91,     0,     0,     0,    92,
      93,    94,    95,    34,     0,    35,    36,    37,    38,    39,
      40,     0,     0,     0,     0,    41,    42,    43,    44,    45,
      46,    47,     0,     0,     0,     0,     0,     0,     0,    48,
       0,     0,     0,     0,     0,     0,     0,     0,     0,     0,
       0,    49,    50,     0,    51,     0,     0,    52,    53,     0,
      79,     0,     0,     0,    54,    96,    55,    56,    77,   467,
      16,     0,    17,    18,    19,    20,    21,     0,     0,    22,
      23,    24,    25,    26,     0,    27,    28,    29,    30,    31,
      32,    80,   102,    81,    82,    83,    84,    33,    85,    86,
      87,    88,    89,    90,    91,     0,     0,     0,    92,    93,
      94,    95,    34,     0,    35,    36,    37,    38,    39,    40,
       0,     0,     0,     0,    41,    42,    43,    44,    45,    46,
      47,     0,     0,     0,     0,     0,     0,     0,    48,     0,
       0,     0,     0,     0,     0,     0,     0,     0,     0,     0,
      49,    50,     0,    51,     0,     0,    52,    53,     0,    79,
       0,     0,     0,    54,    96,    55,    56,    77,   486,    16,
       0,    17,    18,    19,    20,    21,     0,     0,    22,    23,
      24,    25,    26,     0,    27,    28,    29,    30,    31,    32,
      80,   102,    81,    82,    83,    84,    33,    85,    86,    87,
      88,    89,    90,    91,     0,     0,     0,    92,    93,    94,
      95,    34,     0,    35,    36,    37,    38,    39,    40,     0,
       0,     0,     0,    41,    42,    43,    44,    45,    46,    47,
       0,     0,     0,     0,     0,     0,     0,    48,     0,     0,
       0,     0,     0,     0,     0,     0,     0,     0,     0,    49,
      50,     0,    51,     0,     0,    52,    53,     0,    79,     0,
       0,     0,    54,    96,    55,    56,    77,   488,    16,     0,
      17,    18,    19,    20,    21,     0,     0,    22,    23,    24,
      25,    26,     0,    27,    28,    29,    30,    31,    32,    80,
     102,    81,    82,    83,    84,    33,    85,    86,    87,    88,
      89,    90,    91,     0,     0,     0,    92,    93,    94,    95,
      34,     0,    35,    36,    37,    38,    39,    40,     0,     0,
       0,     0,    41,    42,    43,    44,    45,    46,    47,     0,
       0,     0,     0,     0,     0,     0,    48,     0,     0,     0,
       0,     0,     0,     0,     0,     0,     0,     0,    49,    50,
       0,    51,     0,     0,    52,    53,     0,    79,     0,     0,
       0,    54,    96,    55,    56,    77,   503,    16,     0,    17,
      18,    19,    20,    21,     0,     0,    22,    23,    24,    25,
      26,     0,    27,    28,    29,    30,    31,    32,    80,   102,
      81,    82,    83,    84,    33,    85,    86,    87,    88,    89,
      90,    91,     0,     0,     0,    92,    93,    94,    95,    34,
       0,    35,    36,    37,    38,    39,    40,     0,     0,     0,
       0,    41,    42,    43,    44,    45,    46,    47,     0,     0,
       0,     0,     0,     0,     0,    48,     0,     0,     0,     0,
       0,     0,     0,     0,     0,     0,     0,    49,    50,     0,
      51,     0,     0,    52,    53,     0,    79,     0,     0,     0,
      54,    96,    55,    56,    77,   516,    16,     0,    17,    18,
      19,    20,    21,     0,     0,    22,    23,    24,    25,    26,
       0,    27,    28,    29,    30,    31,    32,    80,   102,    81,
      82,    83,    84,    33,    85,    86,    87,    88,    89,    90,
      91,     0,     0,     0,    92,    93,    94,    95,    34,     0,
      35,    36,    37,    38,    39,    40,     0,     0,     0,     0,
      41,    42,    43,    44,    45,    46,    47,     0,     0,     0,
       0,     0,     0,     0,    48,     0,     0,     0,     0,     0,
       0,     0,     0,     0,     0,     0,    49,    50,     0,    51,
       0,     0,    52,    53,     0,    79,     0,     0,     0,    54,
      96,    55,    56,    77,     0,    16,     0,    17,    18,    19,
      20,    21,     0,     0,    22,    23,    24,    25,    26,     0,
      27,    28,    29,    30,    31,    32,    80,   102,    81,    82,
      83,    84,    33,    85,    86,    87,    88,    89,    90,    91,
       0,     0,     0,    92,    93,    94,    95,    34,     0,    35,
      36,    37,    38,    39,    40,     0,     0,     0,     0,    41,
      42,    43,    44,    45,    46,    47,     0,     0,   521,     0,
       0,     0,     0,    48,     0,     0,     0,     0,     0,     0,
       0,     0,     0,     0,     0,    49,    50,     0,    51,     0,
       0,    52,    53,     0,    79,     0,     0,     0,    54,    96,
      55,    56,    77,     0,    16,     0,    17,    18,    19,    20,
      21,     0,     0,    22,    23,    24,    25,    26,     0,    27,
      28,    29,    30,    31,    32,    80,   102,    81,    82,    83,
      84,    33,    85,    86,    87,    88,    89,    90,    91,     0,
       0,     0,    92,    93,    94,    95,    34,     0,    35,    36,
      37,    38,    39,    40,     0,     0,     0,     0,    41,    42,
      43,    44,    45,    46,    47,     0,     0,     0,     0,     0,
       0,     0,    48,     0,     0,     0,     0,     0,     0,     0,
       0,     0,     0,     0,    49,    50,     0,    51,     0,     0,
      52,    53,     0,    79,     0,     0,     0,    54,    96,    55,
      56,    77,     0,    16,     0,    17,    18,    19,    20,    21,
       0,     0,    22,    23,    24,    25,    26,     0,    27,    28,
      29,    30,    31,    32,    80,     0,    81,    82,    83,    84,
      33,    85,    86,    87,    88,    89,    90,    91,     0,     0,
       0,    92,    93,    94,    95,    34,     0,    35,    36,    37,
      38,    39,    40,     0,     0,     0,     0,    41,    42,    43,
      44,    45,    46,    47,     0,     0,     0,     0,     0,     0,
       0,    48,     0,     0,     0,     0,     0,     0,     0,     0,
       0,     0,     0,    49,    50,     0,    51,     0,     0,    52,
      53,    79,     0,     0,     0,     0,    54,    96,    55,    56,
       0,    16,     0,    17,    18,    19,    20,    21,     0,     0,
      22,    23,    24,    25,    26,     0,    27,    28,    29,    30,
      31,    32,     0,     0,     0,     0,     0,     0,    33,     0,
       0,     0,  -256,     0,     0,     0,     0,     0,     0,   173,
     174,   175,   176,    34,     0,    35,    36,    37,    38,    39,
      40,     0,     0,     0,     0,    41,    42,    43,    44,    45,
      46,    47,   179,   180,   181,   182,   183,   184,   185,    48,
       0,     0,     0,   186,   187,     0,     0,   188,   189,   190,
     191,    49,    50,     0,    51,     0,     0,    52,    53,    79,
       0,     0,     0,     0,    54,   -76,    55,    56,     0,    16,
       0,    17,    18,    19,    20,    21,     0,     0,    22,    23,
      24,    25,    26,     0,    27,    28,    29,    30,    31,    32,
       0,     0,     0,     0,     0,     0,    33,     0,     0,     0,
       0,     0,     0,     0,     0,   173,   174,   175,   176,     0,
       0,    34,     0,    35,    36,    37,    38,    39,    40,     0,
       0,     0,     0,    41,    42,    43,    44,    45,    46,    47,
     181,   182,   183,   184,   185,     0,     0,    48,     0,   186,
     187,     0,     0,   188,   189,   190,   191,     0,     0,    49,
      50,     0,    51,     0,     0,    52,    53,     0,     0,     0,
       0,   -76,    54,     0,    55,    56,    77,     0,    16,     0,
      17,    18,    19,    20,    21,     0,     0,   133,    23,    24,
      25,    26,   113,    27,    28,    29,    30,    31,    32,     0,
       0,     0,     0,     0,     0,    33,     0,     0,     0,     0,
       0,     0,     0,   173,   174,   175,   176,     0,     0,     0,
      34,     0,    35,    36,    37,    38,    39,    40,     0,     0,
       0,     0,    41,    42,    43,    44,    45,    46,    47,   182,
     183,   184,   185,     0,     0,     0,    48,   186,   187,     0,
       0,   188,   189,   190,   191,     0,     0,     0,    49,    50,
       0,    51,     0,     0,    52,    53,     0,     0,     0,     0,
       0,    54,     0,    55,    56,    77,     0,    16,     0,    17,
      18,    19,    20,    21,     0,     0,    22,    23,    24,    25,
      26,     0,    27,    28,    29,    30,    31,    32,     0,     0,
       0,     0,     0,     0,    33,     0,     0,     0,     0,     0,
       0,     0,   173,   174,   175,   176,     0,     0,     0,    34,
       0,    35,    36,    37,    38,    39,    40,     0,     0,     0,
       0,    41,    42,    43,    44,    45,    46,    47,     0,   183,
     184,   185,     0,     0,     0,    48,   186,   187,     0,     0,
     188,   189,   190,   191,     0,     0,     0,    49,    50,     0,
      51,     0,     0,    52,    53,     0,     0,     0,     0,     0,
      54,     0,    55,    56,    16,   108,    17,    18,    19,    20,
      21,     0,     0,    22,    23,    24,    25,    26,     0,    27,
      28,    29,    30,    31,    32,     0,     0,     0,     0,     0,
       0,    33,     0,     0,     0,     0,     0,     0,     0,   173,
    -256,   175,   176,     0,     0,     0,    34,     0,    35,    36,
      37,    38,    39,    40,     0,     0,     0,     0,    41,    42,
      43,    44,    45,    46,    47,     0,     0,   184,   185,     0,
       0,     0,    48,   186,   187,     0,     0,   188,   189,   190,
     191,     0,     0,     0,    49,    50,     0,    51,     0,     0,
      52,    53,     0,     0,     0,     0,     0,    54,     0,    55,
      56,    16,     0,    17,    18,    19,    20,    21,     0,     0,
      22,    23,    24,    25,    26,     0,    27,    28,    29,    30,
      31,    32,     0,     0,     0,     0,     0,     0,    33,     0,
       0,     0,     0,     0,     0,     0,   173,   174,   175,   176,
       0,     0,     0,    34,     0,    35,    36,    37,    38,    39,
      40,     0,     0,     0,     0,    41,    42,    43,    44,    45,
      46,    47,     0,     0,   184,   185,     0,     0,     0,    48,
     186,   187,     0,     0,   188,   189,   190,   191,     0,     0,
       0,    49,    50,     0,    51,     0,     0,    52,    53,     0,
       0,     0,     0,     0,    54,   141,    55,    56,    16,     0,
      17,    18,    19,    20,    21,     0,     0,    22,    23,    24,
      25,    26,     0,    27,    28,    29,    30,    31,    32,     0,
       0,     0,     0,     0,     0,    33,     0,   220,   221,   222,
     223,     0,   175,   176,   224,     0,   225,     0,     0,     0,
      34,     0,    35,    36,    37,    38,    39,    40,     0,     0,
       0,     0,    41,    42,    43,    44,    45,    46,    47,   185,
       0,   165,   166,   167,   186,   187,    48,     0,   188,   189,
     190,   191,     0,     0,     0,     0,     0,     0,    49,    50,
       0,    51,     0,     0,    52,    53,     0,     0,     0,     0,
     161,    54,     0,    55,    56,    16,     0,    17,    18,    19,
      20,    21,     0,     0,    22,    23,    24,    25,    26,     0,
      27,    28,    29,    30,    31,    32,     0,     0,     0,     0,
       0,     0,    33,     0,     0,     0,     0,     0,     0,     0,
       0,     0,     0,     0,     0,     0,     0,    34,     0,    35,
      36,    37,    38,    39,    40,     0,     0,     0,     0,    41,
      42,    43,    44,    45,    46,    47,     0,     0,     0,     0,
       0,     0,     0,    48,     0,     0,     0,     0,     0,     0,
       0,     0,     0,     0,     0,    49,    50,     0,    51,     0,
       0,    52,    53,     0,     0,     0,     0,   240,    54,     0,
      55,    56,    16,     0,    17,    18,    19,    20,    21,     0,
       0,    22,    23,    24,    25,    26,     0,    27,    28,    29,
      30,    31,    32,     0,     0,     0,     0,     0,     0,    33,
       0,     0,     0,     0,     0,     0,     0,     0,     0,     0,
       0,     0,     0,     0,    34,     0,    35,    36,    37,    38,
      39,    40,     0,     0,     0,     0,    41,    42,    43,    44,
      45,    46,    47,     0,     0,     0,     0,     0,     0,     0,
      48,     0,     0,     0,     0,     0,     0,     0,     0,     0,
       0,     0,    49,    50,     0,    51,     0,     0,    52,    53,
       0,     0,     0,     0,   249,    54,     0,    55,    56,    16,
       0,    17,    18,    19,    20,    21,     0,     0,    22,    23,
      24,    25,    26,     0,    27,    28,    29,    30,    31,    32,
       0,     0,     0,     0,     0,     0,    33,     0,     0,     0,
       0,     0,     0,     0,     0,     0,     0,     0,     0,     0,
       0,    34,     0,    35,    36,    37,    38,    39,    40,     0,
       0,     0,     0,    41,    42,    43,    44,    45,    46,    47,
       0,     0,     0,     0,     0,     0,     0,    48,     0,     0,
       0,     0,     0,     0,     0,     0,     0,     0,     0,    49,
      50,     0,    51,     0,     0,    52,    53,     0,     0,     0,
       0,   261,    54,     0,    55,    56,    16,     0,    17,    18,
      19,    20,    21,     0,     0,    22,    23,    24,    25,    26,
       0,    27,    28,    29,    30,    31,    32,     0,     0,     0,
       0,     0,     0,    33,     0,     0,     0,     0,     0,     0,
       0,     0,     0,     0,     0,     0,     0,     0,    34,     0,
      35,    36,    37,    38,    39,    40,     0,     0,     0,     0,
      41,    42,    43,    44,    45,    46,    47,     0,     0,     0,
       0,     0,     0,     0,    48,     0,     0,     0,     0,     0,
       0,     0,     0,     0,     0,     0,    49,    50,     0,    51,
       0,     0,    52,    53,     0,     0,     0,     0,   290,    54,
       0,    55,    56,    16,     0,    17,    18,    19,    20,    21,
       0,     0,    22,    23,    24,    25,    26,     0,    27,    28,
      29,    30,    31,    32,     0,     0,     0,     0,     0,     0,
      33,     0,     0,     0,     0,     0,     0,     0,     0,     0,
       0,     0,     0,     0,     0,    34,     0,    35,    36,    37,
      38,    39,    40,     0,     0,     0,     0,    41,    42,    43,
      44,    45,    46,    47,     0,     0,     0,     0,     0,     0,
       0,    48,     0,     0,     0,     0,     0,     0,     0,     0,
       0,     0,     0,    49,    50,     0,    51,     0,     0,    52,
      53,     0,     0,     0,     0,   357,    54,     0,    55,    56,
      16,     0,    17,    18,    19,    20,    21,     0,     0,    22,
      23,    24,    25,    26,     0,    27,    28,    29,    30,    31,
      32,     0,     0,     0,     0,     0,     0,    33,     0,     0,
       0,     0,     0,     0,     0,     0,     0,     0,     0,     0,
       0,     0,    34,     0,    35,    36,    37,    38,    39,    40,
       0,     0,     0,     0,    41,    42,    43,    44,    45,    46,
      47,     0,     0,     0,     0,     0,     0,     0,    48,     0,
       0,     0,     0,     0,     0,     0,     0,     0,     0,     0,
      49,    50,   172,    51,     0,     0,    52,    53,     0,   173,
     174,   175,   176,    54,     0,    55,    56,     0,     0,     0,
       0,     0,     0,     0,     0,     0,     0,     0,     0,   177,
     178,   350,   179,   180,   181,   182,   183,   184,   185,     0,
       0,     0,     0,   186,   187,   172,     0,   188,   189,   190,
     191,     0,   173,   174,   175,   176,     0,     0,     0,     0,
       0,     0,     0,     0,     0,     0,     0,     0,     0,     0,
       0,     0,   177,   178,     0,   179,   180,   181,   182,   183,
     184,   185,     0,     0,     0,     0,   186,   187,   172,     0,
     188,   189,   190,   191,     0,   173,   174,   175,   176,     0,
       0,     0,     0,     0,     0,     0,     0,     0,     0,     0,
       0,     0,     0,     0,     0,     0,   178,     0,   179,   180,
     181,   182,   183,   184,   185,     0,     0,     0,     0,   186,
     187,     0,     0,   188,   189,   190,   191
};

static const yytype_int16 yycheck[] =
{
      15,   317,     9,     9,    46,    40,    46,   335,   130,   308,
      16,   424,   119,    48,    10,     9,     0,    20,   317,    23,
     319,   320,    25,    19,    20,    21,    11,    23,    24,   453,
      19,    20,    21,     9,    23,    24,    11,    43,   145,     9,
      23,   104,     9,    39,    40,    41,    42,    80,    54,   104,
      20,    40,    41,    20,     9,    25,    11,    46,    25,    55,
      56,    20,    21,   104,    23,    24,    55,    56,     9,     9,
      11,    76,    77,    78,   104,   108,    15,    16,    17,    12,
      20,    40,    41,    80,   119,    25,    15,    16,    15,    16,
      12,    70,   104,   392,   518,   508,    55,    56,   105,    95,
     105,   105,   137,    92,    46,    47,     9,   435,    11,   231,
     145,   105,    15,    16,    17,    94,   122,   102,    21,     9,
       9,   104,    11,   129,   130,   104,     9,   106,   427,   125,
     429,    70,    20,    20,   130,   463,   106,   107,   104,   106,
     104,   130,   148,    76,    77,    78,    76,    77,    78,   104,
       9,   147,    11,   104,    76,    77,    78,   104,   147,   165,
     166,   167,    65,   169,   170,   171,   106,   106,   210,   104,
     210,   130,     9,   103,    11,   104,   104,   106,   477,   106,
      76,    77,    78,    48,   105,   200,   192,   193,   194,   195,
     196,   197,   198,   199,   493,    12,   104,   232,    12,   515,
      77,   104,   191,   106,   107,    76,    77,    78,   103,   105,
      17,    18,    12,   104,   220,   221,   222,   223,   224,   225,
     216,   210,    12,    30,   103,   231,   333,    34,    12,    76,
      77,    78,    39,    10,   105,    42,    72,   243,    45,   361,
      47,    12,    49,    50,    51,    52,    53,   253,     9,   126,
      11,    20,    12,    76,    77,    78,    20,    11,   105,    76,
      77,    78,    76,    77,    78,     9,    76,    77,    78,   104,
     104,    72,   278,   279,   103,    10,    76,    77,    78,   285,
      11,    23,   105,    76,    77,    78,    76,    77,    78,    11,
     286,    78,    76,    77,    78,   105,   107,   286,   333,   305,
     306,   307,   308,   107,   107,    76,    77,    78,    76,    77,
      78,   317,   105,   319,   320,   422,    76,    77,    78,   107,
     309,    76,    77,    78,    76,    77,    78,   286,   205,   206,
     207,   208,   209,   107,   211,   103,   213,   214,   104,    18,
     346,   337,    20,   385,   106,   385,   104,    42,    43,    44,
      45,   103,    23,   104,    49,   361,    51,    76,    77,    78,
      61,   168,    63,    64,   103,   172,   173,   174,   175,   176,
     177,   178,   179,   180,   181,   182,   183,   184,   185,   186,
      23,    76,    77,    78,   103,    10,   392,   422,    89,    90,
      10,    10,   398,    10,    95,    96,   385,    10,    99,   100,
     101,   102,    20,   457,   103,   426,   421,   103,   103,   430,
     103,   103,   433,   434,   104,   469,   470,    76,    77,    78,
     103,   427,    23,   429,   105,   440,   303,   481,   449,   450,
     103,   446,     9,   310,    76,    77,    78,   103,   459,   103,
     494,   318,   496,   103,   103,    76,    77,    78,    12,    10,
     103,   472,   458,    90,   105,   476,   471,   478,    95,    96,
     514,   103,    99,   100,   101,   102,   462,     9,   103,     0,
      74,   477,   103,    99,   100,   101,   102,   105,     9,   103,
      11,    12,   104,   104,   499,   506,     9,   493,   103,    63,
      64,   105,   513,   103,   371,   510,   373,    73,    19,    95,
      96,   103,   523,    99,   100,   101,   102,    12,   103,   386,
     102,    42,    43,    44,    45,    89,    90,   306,    49,   396,
      51,    95,    96,    54,   458,    99,   100,   101,   102,   515,
      61,    62,    63,    64,   219,    33,     0,     3,     4,     5,
       6,     7,     8,   350,   100,    76,    77,    78,    12,    80,
      81,    82,    83,    84,    85,    86,    87,    88,    89,    90,
     436,   385,   395,   210,    95,    96,    -1,    -1,    99,   100,
     101,   102,   103,    -1,   105,    -1,    -1,   108,    42,    43,
      44,    45,    -1,    -1,    -1,    49,    -1,    51,    -1,    -1,
      54,    -1,    -1,    -1,    -1,    -1,    -1,    61,    62,    63,
      64,    -1,    -1,    -1,    -1,    -1,    -1,    -1,    -1,    -1,
      -1,    -1,    76,    77,    78,    -1,    80,    81,    82,    83,
      84,    85,    86,    87,    88,    89,    90,    -1,    -1,    -1,
      -1,    95,    96,    -1,    -1,    99,   100,   101,   102,   103,
      -1,   105,     0,     1,   108,    -1,    -1,    -1,    -1,    -1,
      -1,     9,    -1,    11,    -1,    13,    14,    15,    16,    17,
      -1,    -1,    20,    21,    22,    23,    24,    -1,    26,    27,
      28,    29,    30,    31,    32,    33,    34,    35,    36,    37,
      38,    39,    40,    41,    42,    43,    44,    45,    -1,    -1,
      63,    49,    50,    51,    52,    53,    -1,    55,    56,    57,
      58,    59,    60,    -1,    -1,    -1,    -1,    65,    66,    67,
      68,    69,    70,    71,    -1,    -1,    -1,    90,    -1,    -1,
      -1,    79,    95,    96,    -1,    -1,    99,   100,   101,   102,
      -1,    -1,    -1,    91,    92,    -1,    94,    -1,    -1,    97,
      98,     0,     1,    -1,    -1,    -1,   104,   105,   106,   107,
       9,    -1,    11,    -1,    13,    14,    15,    16,    17,    -1,
      -1,    20,    21,    22,    23,    24,    -1,    26,    27,    28,
      29,    30,    31,    32,    33,    34,    35,    36,    37,    38,
      39,    40,    41,    42,    43,    44,    45,    -1,    -1,    -1,
      49,    50,    51,    52,    53,    -1,    55,    56,    57,    58,
      59,    60,    -1,    -1,    -1,    -1,    65,    66,    67,    68,
      69,    70,    71,    -1,    -1,    -1,    -1,    -1,    -1,    -1,
      79,    -1,    -1,    -1,    -1,    -1,    -1,    -1,    -1,    -1,
      -1,    -1,    91,    92,    -1,    94,    -1,    -1,    97,    98,
      -1,     1,    -1,    -1,    -1,   104,   105,   106,   107,     9,
      10,    11,    -1,    13,    14,    15,    16,    17,    -1,    -1,
      20,    21,    22,    23,    24,    -1,    26,    27,    28,    29,
      30,    31,    32,    33,    34,    35,    36,    37,    38,    39,
      40,    41,    42,    43,    44,    45,    -1,    -1,    -1,    49,
      50,    51,    52,    53,    -1,    55,    56,    57,    58,    59,
      60,    -1,    -1,    -1,    -1,    65,    66,    67,    68,    69,
      70,    71,    -1,    -1,    -1,    -1,    -1,    -1,    -1,    79,
      -1,    -1,    -1,    -1,    -1,    -1,    -1,    -1,    -1,    -1,
      -1,    91,    92,    -1,    94,    -1,    -1,    97,    98,    -1,
       1,    -1,    -1,    -1,   104,   105,   106,   107,     9,    10,
      11,    -1,    13,    14,    15,    16,    17,    -1,    -1,    20,
      21,    22,    23,    24,    -1,    26,    27,    28,    29,    30,
      31,    32,    33,    34,    35,    36,    37,    38,    39,    40,
      41,    42,    43,    44,    45,    -1,    -1,    -1,    49,    50,
      51,    52,    53,    -1,    55,    56,    57,    58,    59,    60,
      -1,    -1,    -1,    -1,    65,    66,    67,    68,    69,    70,
      71,    -1,    -1,    -1,    -1,    -1,    -1,    -1,    79,    -1,
      -1,    -1,    -1,    -1,    -1,    -1,    -1,    -1,    -1,    -1,
      91,    92,    -1,    94,    -1,    -1,    97,    98,    -1,     1,
      -1,    -1,    -1,   104,   105,   106,   107,     9,    10,    11,
      -1,    13,    14,    15,    16,    17,    -1,    -1,    20,    21,
      22,    23,    24,    -1,    26,    27,    28,    29,    30,    31,
      32,    33,    34,    35,    36,    37,    38,    39,    40,    41,
      42,    43,    44,    45,    -1,    -1,    -1,    49,    50,    51,
      52,    53,    -1,    55,    56,    57,    58,    59,    60,    -1,
      -1,    -1,    -1,    65,    66,    67,    68,    69,    70,    71,
      -1,    -1,    -1,    -1,    -1,    -1,    -1,    79,    -1,    -1,
      -1,    -1,    -1,    -1,    -1,    -1,    -1,    -1,    -1,    91,
      92,    -1,    94,    -1,    -1,    97,    98,    -1,     1,    -1,
      -1,    -1,   104,   105,   106,   107,     9,    10,    11,    -1,
      13,    14,    15,    16,    17,    -1,    -1,    20,    21,    22,
      23,    24,    -1,    26,    27,    28,    29,    30,    31,    32,
      33,    34,    35,    36,    37,    38,    39,    40,    41,    42,
      43,    44,    45,    -1,    -1,    -1,    49,    50,    51,    52,
      53,    -1,    55,    56,    57,    58,    59,    60,    -1,    -1,
      -1,    -1,    65,    66,    67,    68,    69,    70,    71,    -1,
      -1,    -1,    -1,    -1,    -1,    -1,    79,    -1,    -1,    -1,
      -1,    -1,    -1,    -1,    -1,    -1,    -1,    -1,    91,    92,
      -1,    94,    -1,    -1,    97,    98,    -1,     1,    -1,    -1,
      -1,   104,   105,   106,   107,     9,    10,    11,    -1,    13,
      14,    15,    16,    17,    -1,    -1,    20,    21,    22,    23,
      24,    -1,    26,    27,    28,    29,    30,    31,    32,    33,
      34,    35,    36,    37,    38,    39,    40,    41,    42,    43,
      44,    45,    -1,    -1,    -1,    49,    50,    51,    52,    53,
      -1,    55,    56,    57,    58,    59,    60,    -1,    -1,    -1,
      -1,    65,    66,    67,    68,    69,    70,    71,    -1,    -1,
      -1,    -1,    -1,    -1,    -1,    79,    -1,    -1,    -1,    -1,
      -1,    -1,    -1,    -1,    -1,    -1,    -1,    91,    92,    -1,
      94,    -1,    -1,    97,    98,    -1,     1,    -1,    -1,    -1,
     104,   105,   106,   107,     9,    10,    11,    -1,    13,    14,
      15,    16,    17,    -1,    -1,    20,    21,    22,    23,    24,
      -1,    26,    27,    28,    29,    30,    31,    32,    33,    34,
      35,    36,    37,    38,    39,    40,    41,    42,    43,    44,
      45,    -1,    -1,    -1,    49,    50,    51,    52,    53,    -1,
      55,    56,    57,    58,    59,    60,    -1,    -1,    -1,    -1,
      65,    66,    67,    68,    69,    70,    71,    -1,    -1,    -1,
      -1,    -1,    -1,    -1,    79,    -1,    -1,    -1,    -1,    -1,
      -1,    -1,    -1,    -1,    -1,    -1,    91,    92,    -1,    94,
      -1,    -1,    97,    98,    -1,     1,    -1,    -1,    -1,   104,
     105,   106,   107,     9,    -1,    11,    -1,    13,    14,    15,
      16,    17,    -1,    -1,    20,    21,    22,    23,    24,    -1,
      26,    27,    28,    29,    30,    31,    32,    33,    34,    35,
      36,    37,    38,    39,    40,    41,    42,    43,    44,    45,
      -1,    -1,    -1,    49,    50,    51,    52,    53,    -1,    55,
      56,    57,    58,    59,    60,    -1,    -1,    -1,    -1,    65,
      66,    67,    68,    69,    70,    71,    -1,    -1,    74,    -1,
      -1,    -1,    -1,    79,    -1,    -1,    -1,    -1,    -1,    -1,
      -1,    -1,    -1,    -1,    -1,    91,    92,    -1,    94,    -1,
      -1,    97,    98,    -1,     1,    -1,    -1,    -1,   104,   105,
     106,   107,     9,    -1,    11,    -1,    13,    14,    15,    16,
      17,    -1,    -1,    20,    21,    22,    23,    24,    -1,    26,
      27,    28,    29,    30,    31,    32,    33,    34,    35,    36,
      37,    38,    39,    40,    41,    42,    43,    44,    45,    -1,
      -1,    -1,    49,    50,    51,    52,    53,    -1,    55,    56,
      57,    58,    59,    60,    -1,    -1,    -1,    -1,    65,    66,
      67,    68,    69,    70,    71,    -1,    -1,    -1,    -1,    -1,
      -1,    -1,    79,    -1,    -1,    -1,    -1,    -1,    -1,    -1,
      -1,    -1,    -1,    -1,    91,    92,    -1,    94,    -1,    -1,
      97,    98,    -1,     1,    -1,    -1,    -1,   104,   105,   106,
     107,     9,    -1,    11,    -1,    13,    14,    15,    16,    17,
      -1,    -1,    20,    21,    22,    23,    24,    -1,    26,    27,
      28,    29,    30,    31,    32,    -1,    34,    35,    36,    37,
      38,    39,    40,    41,    42,    43,    44,    45,    -1,    -1,
      -1,    49,    50,    51,    52,    53,    -1,    55,    56,    57,
      58,    59,    60,    -1,    -1,    -1,    -1,    65,    66,    67,
      68,    69,    70,    71,    -1,    -1,    -1,    -1,    -1,    -1,
      -1,    79,    -1,    -1,    -1,    -1,    -1,    -1,    -1,    -1,
      -1,    -1,    -1,    91,    92,    -1,    94,    -1,    -1,    97,
      98,     1,    -1,    -1,    -1,    -1,   104,   105,   106,   107,
      -1,    11,    -1,    13,    14,    15,    16,    17,    -1,    -1,
      20,    21,    22,    23,    24,    -1,    26,    27,    28,    29,
      30,    31,    -1,    -1,    -1,    -1,    -1,    -1,    38,    -1,
      -1,    -1,    54,    -1,    -1,    -1,    -1,    -1,    -1,    61,
      62,    63,    64,    53,    -1,    55,    56,    57,    58,    59,
      60,    -1,    -1,    -1,    -1,    65,    66,    67,    68,    69,
      70,    71,    84,    85,    86,    87,    88,    89,    90,    79,
      -1,    -1,    -1,    95,    96,    -1,    -1,    99,   100,   101,
     102,    91,    92,    -1,    94,    -1,    -1,    97,    98,     1,
      -1,    -1,    -1,    -1,   104,   105,   106,   107,    -1,    11,
      -1,    13,    14,    15,    16,    17,    -1,    -1,    20,    21,
      22,    23,    24,    -1,    26,    27,    28,    29,    30,    31,
      -1,    -1,    -1,    -1,    -1,    -1,    38,    -1,    -1,    -1,
      -1,    -1,    -1,    -1,    -1,    61,    62,    63,    64,    -1,
      -1,    53,    -1,    55,    56,    57,    58,    59,    60,    -1,
      -1,    -1,    -1,    65,    66,    67,    68,    69,    70,    71,
      86,    87,    88,    89,    90,    -1,    -1,    79,    -1,    95,
      96,    -1,    -1,    99,   100,   101,   102,    -1,    -1,    91,
      92,    -1,    94,    -1,    -1,    97,    98,    -1,    -1,    -1,
      -1,   103,   104,    -1,   106,   107,     9,    -1,    11,    -1,
      13,    14,    15,    16,    17,    -1,    -1,    20,    21,    22,
      23,    24,    25,    26,    27,    28,    29,    30,    31,    -1,
      -1,    -1,    -1,    -1,    -1,    38,    -1,    -1,    -1,    -1,
      -1,    -1,    -1,    61,    62,    63,    64,    -1,    -1,    -1,
      53,    -1,    55,    56,    57,    58,    59,    60,    -1,    -1,
      -1,    -1,    65,    66,    67,    68,    69,    70,    71,    87,
      88,    89,    90,    -1,    -1,    -1,    79,    95,    96,    -1,
      -1,    99,   100,   101,   102,    -1,    -1,    -1,    91,    92,
      -1,    94,    -1,    -1,    97,    98,    -1,    -1,    -1,    -1,
      -1,   104,    -1,   106,   107,     9,    -1,    11,    -1,    13,
      14,    15,    16,    17,    -1,    -1,    20,    21,    22,    23,
      24,    -1,    26,    27,    28,    29,    30,    31,    -1,    -1,
      -1,    -1,    -1,    -1,    38,    -1,    -1,    -1,    -1,    -1,
      -1,    -1,    61,    62,    63,    64,    -1,    -1,    -1,    53,
      -1,    55,    56,    57,    58,    59,    60,    -1,    -1,    -1,
      -1,    65,    66,    67,    68,    69,    70,    71,    -1,    88,
      89,    90,    -1,    -1,    -1,    79,    95,    96,    -1,    -1,
      99,   100,   101,   102,    -1,    -1,    -1,    91,    92,    -1,
      94,    -1,    -1,    97,    98,    -1,    -1,    -1,    -1,    -1,
     104,    -1,   106,   107,    11,    12,    13,    14,    15,    16,
      17,    -1,    -1,    20,    21,    22,    23,    24,    -1,    26,
      27,    28,    29,    30,    31,    -1,    -1,    -1,    -1,    -1,
      -1,    38,    -1,    -1,    -1,    -1,    -1,    -1,    -1,    61,
      62,    63,    64,    -1,    -1,    -1,    53,    -1,    55,    56,
      57,    58,    59,    60,    -1,    -1,    -1,    -1,    65,    66,
      67,    68,    69,    70,    71,    -1,    -1,    89,    90,    -1,
      -1,    -1,    79,    95,    96,    -1,    -1,    99,   100,   101,
     102,    -1,    -1,    -1,    91,    92,    -1,    94,    -1,    -1,
      97,    98,    -1,    -1,    -1,    -1,    -1,   104,    -1,   106,
     107,    11,    -1,    13,    14,    15,    16,    17,    -1,    -1,
      20,    21,    22,    23,    24,    -1,    26,    27,    28,    29,
      30,    31,    -1,    -1,    -1,    -1,    -1,    -1,    38,    -1,
      -1,    -1,    -1,    -1,    -1,    -1,    61,    62,    63,    64,
      -1,    -1,    -1,    53,    -1,    55,    56,    57,    58,    59,
      60,    -1,    -1,    -1,    -1,    65,    66,    67,    68,    69,
      70,    71,    -1,    -1,    89,    90,    -1,    -1,    -1,    79,
      95,    96,    -1,    -1,    99,   100,   101,   102,    -1,    -1,
      -1,    91,    92,    -1,    94,    -1,    -1,    97,    98,    -1,
      -1,    -1,    -1,    -1,   104,   105,   106,   107,    11,    -1,
      13,    14,    15,    16,    17,    -1,    -1,    20,    21,    22,
      23,    24,    -1,    26,    27,    28,    29,    30,    31,    -1,
      -1,    -1,    -1,    -1,    -1,    38,    -1,    42,    43,    44,
      45,    -1,    63,    64,    49,    -1,    51,    -1,    -1,    -1,
      53,    -1,    55,    56,    57,    58,    59,    60,    -1,    -1,
      -1,    -1,    65,    66,    67,    68,    69,    70,    71,    90,
      -1,    76,    77,    78,    95,    96,    79,    -1,    99,   100,
     101,   102,    -1,    -1,    -1,    -1,    -1,    -1,    91,    92,
      -1,    94,    -1,    -1,    97,    98,    -1,    -1,    -1,    -1,
     103,   104,    -1,   106,   107,    11,    -1,    13,    14,    15,
      16,    17,    -1,    -1,    20,    21,    22,    23,    24,    -1,
      26,    27,    28,    29,    30,    31,    -1,    -1,    -1,    -1,
      -1,    -1,    38,    -1,    -1,    -1,    -1,    -1,    -1,    -1,
      -1,    -1,    -1,    -1,    -1,    -1,    -1,    53,    -1,    55,
      56,    57,    58,    59,    60,    -1,    -1,    -1,    -1,    65,
      66,    67,    68,    69,    70,    71,    -1,    -1,    -1,    -1,
      -1,    -1,    -1,    79,    -1,    -1,    -1,    -1,    -1,    -1,
      -1,    -1,    -1,    -1,    -1,    91,    92,    -1,    94,    -1,
      -1,    97,    98,    -1,    -1,    -1,    -1,   103,   104,    -1,
     106,   107,    11,    -1,    13,    14,    15,    16,    17,    -1,
      -1,    20,    21,    22,    23,    24,    -1,    26,    27,    28,
      29,    30,    31,    -1,    -1,    -1,    -1,    -1,    -1,    38,
      -1,    -1,    -1,    -1,    -1,    -1,    -1,    -1,    -1,    -1,
      -1,    -1,    -1,    -1,    53,    -1,    55,    56,    57,    58,
      59,    60,    -1,    -1,    -1,    -1,    65,    66,    67,    68,
      69,    70,    71,    -1,    -1,    -1,    -1,    -1,    -1,    -1,
      79,    -1,    -1,    -1,    -1,    -1,    -1,    -1,    -1,    -1,
      -1,    -1,    91,    92,    -1,    94,    -1,    -1,    97,    98,
      -1,    -1,    -1,    -1,   103,   104,    -1,   106,   107,    11,
      -1,    13,    14,    15,    16,    17,    -1,    -1,    20,    21,
      22,    23,    24,    -1,    26,    27,    28,    29,    30,    31,
      -1,    -1,    -1,    -1,    -1,    -1,    38,    -1,    -1,    -1,
      -1,    -1,    -1,    -1,    -1,    -1,    -1,    -1,    -1,    -1,
      -1,    53,    -1,    55,    56,    57,    58,    59,    60,    -1,
      -1,    -1,    -1,    65,    66,    67,    68,    69,    70,    71,
      -1,    -1,    -1,    -1,    -1,    -1,    -1,    79,    -1,    -1,
      -1,    -1,    -1,    -1,    -1,    -1,    -1,    -1,    -1,    91,
      92,    -1,    94,    -1,    -1,    97,    98,    -1,    -1,    -1,
      -1,   103,   104,    -1,   106,   107,    11,    -1,    13,    14,
      15,    16,    17,    -1,    -1,    20,    21,    22,    23,    24,
      -1,    26,    27,    28,    29,    30,    31,    -1,    -1,    -1,
      -1,    -1,    -1,    38,    -1,    -1,    -1,    -1,    -1,    -1,
      -1,    -1,    -1,    -1,    -1,    -1,    -1,    -1,    53,    -1,
      55,    56,    57,    58,    59,    60,    -1,    -1,    -1,    -1,
      65,    66,    67,    68,    69,    70,    71,    -1,    -1,    -1,
      -1,    -1,    -1,    -1,    79,    -1,    -1,    -1,    -1,    -1,
      -1,    -1,    -1,    -1,    -1,    -1,    91,    92,    -1,    94,
      -1,    -1,    97,    98,    -1,    -1,    -1,    -1,   103,   104,
      -1,   106,   107,    11,    -1,    13,    14,    15,    16,    17,
      -1,    -1,    20,    21,    22,    23,    24,    -1,    26,    27,
      28,    29,    30,    31,    -1,    -1,    -1,    -1,    -1,    -1,
      38,    -1,    -1,    -1,    -1,    -1,    -1,    -1,    -1,    -1,
      -1,    -1,    -1,    -1,    -1,    53,    -1,    55,    56,    57,
      58,    59,    60,    -1,    -1,    -1,    -1,    65,    66,    67,
      68,    69,    70,    71,    -1,    -1,    -1,    -1,    -1,    -1,
      -1,    79,    -1,    -1,    -1,    -1,    -1,    -1,    -1,    -1,
      -1,    -1,    -1,    91,    92,    -1,    94,    -1,    -1,    97,
      98,    -1,    -1,    -1,    -1,   103,   104,    -1,   106,   107,
      11,    -1,    13,    14,    15,    16,    17,    -1,    -1,    20,
      21,    22,    23,    24,    -1,    26,    27,    28,    29,    30,
      31,    -1,    -1,    -1,    -1,    -1,    -1,    38,    -1,    -1,
      -1,    -1,    -1,    -1,    -1,    -1,    -1,    -1,    -1,    -1,
      -1,    -1,    53,    -1,    55,    56,    57,    58,    59,    60,
      -1,    -1,    -1,    -1,    65,    66,    67,    68,    69,    70,
      71,    -1,    -1,    -1,    -1,    -1,    -1,    -1,    79,    -1,
      -1,    -1,    -1,    -1,    -1,    -1,    -1,    -1,    -1,    -1,
      91,    92,    54,    94,    -1,    -1,    97,    98,    -1,    61,
      62,    63,    64,   104,    -1,   106,   107,    -1,    -1,    -1,
      -1,    -1,    -1,    -1,    -1,    -1,    -1,    -1,    -1,    81,
      82,    83,    84,    85,    86,    87,    88,    89,    90,    -1,
      -1,    -1,    -1,    95,    96,    54,    -1,    99,   100,   101,
     102,    -1,    61,    62,    63,    64,    -1,    -1,    -1,    -1,
      -1,    -1,    -1,    -1,    -1,    -1,    -1,    -1,    -1,    -1,
      -1,    -1,    81,    82,    -1,    84,    85,    86,    87,    88,
      89,    90,    -1,    -1,    -1,    -1,    95,    96,    54,    -1,
      99,   100,   101,   102,    -1,    61,    62,    63,    64,    -1,
      -1,    -1,    -1,    -1,    -1,    -1,    -1,    -1,    -1,    -1,
      -1,    -1,    -1,    -1,    -1,    -1,    82,    -1,    84,    85,
      86,    87,    88,    89,    90,    -1,    -1,    -1,    -1,    95,
      96,    -1,    -1,    99,   100,   101,   102
};

  /* YYSTOS[STATE-NUM] -- The (internal number of the) accessing
     symbol of state STATE-NUM.  */
static const yytype_uint8 yystos[] =
{
       0,     3,     4,     5,     6,     7,     8,   110,   111,   112,
     113,   114,   115,   116,     0,   119,    11,    13,    14,    15,
      16,    17,    20,    21,    22,    23,    24,    26,    27,    28,
      29,    30,    31,    38,    53,    55,    56,    57,    58,    59,
      60,    65,    66,    67,    68,    69,    70,    71,    79,    91,
      92,    94,    97,    98,   104,   106,   107,   158,   159,   160,
     163,   164,   165,   166,   167,   168,   170,   173,   178,   179,
     180,   182,   183,   184,   185,   186,   187,     9,   117,     1,
      32,    34,    35,    36,    37,    39,    40,    41,    42,    43,
      44,    45,    49,    50,    51,    52,   105,   117,   126,   137,
     147,   158,    33,   124,   125,   126,   122,   122,    12,   158,
     168,   168,    20,    25,   117,   179,   188,   188,   188,   188,
     188,   169,    11,   104,   168,   149,   149,   168,   104,   104,
     104,   117,   168,    20,   159,   172,   179,   188,   188,   117,
     168,   105,   158,    20,    25,   151,   168,    15,   104,   171,
     179,   180,   181,   182,   168,   159,   168,   168,   168,   168,
     168,   103,   158,   188,   188,    76,    77,    78,    80,     9,
      11,   104,    54,    61,    62,    63,    64,    81,    82,    84,
      85,    86,    87,    88,    89,    90,    95,    96,    99,   100,
     101,   102,   104,     9,    11,     9,    11,     9,    11,     9,
     119,   150,    20,    20,   148,   104,   104,   104,   104,    70,
      94,   104,   179,   104,   104,   117,    48,   139,   105,   151,
      42,    43,    44,    45,    49,    51,   125,   126,   124,    12,
     172,   104,   104,   158,   103,   117,    23,   119,   152,   103,
     103,   158,   173,   188,   159,    10,   105,   172,    25,   103,
     158,    72,   154,    11,   103,   158,   158,   158,   168,   158,
     158,   103,   158,   168,   168,   168,   168,   168,   168,   168,
     168,   168,   168,   168,   168,   168,   168,   168,     9,    11,
      15,    16,    17,    21,    65,   104,   106,   107,   162,   179,
     103,   158,   158,   158,   158,   158,   158,   158,   158,   122,
      20,   146,    20,     9,   129,   119,   119,   119,   119,   119,
      70,   176,   177,   178,   179,   180,   182,   119,   104,   119,
     119,   117,   148,   158,   143,   158,   158,   158,   158,   158,
     173,   159,    12,   161,   104,   155,    72,   153,   103,   103,
     158,    10,    11,   103,    23,   158,    11,   105,    12,   103,
      83,   158,   158,   107,   107,   107,   107,   103,   158,   107,
     107,   104,   103,   105,    12,   105,    12,   105,    12,   105,
      10,    18,   118,     9,   105,   119,    20,   142,   158,   143,
     144,   158,   144,   175,   179,   119,   104,   137,   141,   144,
     145,   158,   119,   144,   144,   127,   128,   103,   108,   174,
     172,   156,   153,    23,   117,   103,    23,    12,   158,    10,
     168,   105,    12,   103,   173,    10,    10,    10,    10,   119,
     119,   134,    20,   103,   103,   103,   103,   104,   176,   119,
     103,   105,   144,   103,   103,   152,   119,   158,   103,   103,
       9,    12,    12,    10,   103,   105,   133,   122,   172,   140,
     140,     9,   120,   120,   144,   132,   144,   120,   130,   103,
     120,   120,   153,   155,   122,    74,   122,    10,   105,   120,
     120,   121,    46,    47,   138,   138,   103,   104,   103,   139,
     142,   120,   105,   117,   157,   153,    10,   123,    10,   139,
     139,   122,   120,   104,   120,   144,   120,   105,   139,     9,
      23,   105,   135,    10,   144,   139,   103,   139,   131,   122,
      73,   136,    19,   103,   120,   140,    10,   122,   120,   139,
     145,    74,   138,   103,   120
};

  /* YYR1[YYN] -- Symbol number of symbol that rule YYN derives.  */
static const yytype_uint8 yyr1[] =
{
       0,   109,   111,   110,   112,   110,   113,   110,   114,   110,
     115,   110,   116,   110,   117,   118,   119,   120,   121,   122,
     122,   123,   123,   124,   124,   125,   125,   126,   126,   127,
     126,   128,   126,   126,   129,   126,   126,   126,   126,   126,
     126,   126,   126,   130,   131,   126,   126,   126,   132,   126,
     126,   126,   126,   133,   126,   134,   126,   126,   126,   135,
     136,   136,   137,   137,   137,   137,   137,   137,   137,   137,
     138,   138,   138,   139,   139,   140,   141,   141,   142,   142,
     143,   144,   145,   146,   146,   147,   147,   147,   148,   149,
     150,   151,   151,   152,   152,   153,   153,   153,   154,   154,
     156,   155,   157,   157,   158,   158,   158,   158,   159,   159,
     159,   160,   160,   160,   160,   160,   160,   160,   160,   161,
     160,   162,   162,   163,   163,   163,   163,   163,   163,   163,
     163,   163,   163,   163,   163,   163,   163,   164,   164,   164,
     164,   164,   164,   164,   164,   164,   164,   164,   164,   164,
     164,   165,   165,   165,   165,   165,   165,   165,   165,   165,
     165,   166,   166,   166,   166,   166,   166,   167,   167,   168,
     168,   168,   168,   168,   168,   168,   168,   168,   168,   168,
     168,   168,   168,   168,   168,   168,   168,   168,   168,   168,
     168,   168,   168,   168,   168,   168,   168,   168,   168,   168,
     168,   168,   168,   168,   168,   168,   168,   168,   168,   168,
     168,   168,   168,   168,   168,   168,   168,   169,   168,   168,
     168,   168,   168,   170,   170,   171,   171,   171,   171,   171,
     171,   172,   172,   173,   173,   174,   174,   175,   176,   176,
     176,   177,   177,   178,   179,   180,   181,   182,   183,   183,
     184,   185,   185,   186,   186,   187,   187,   188,   188,   188,
     188
};

  /* YYR2[YYN] -- Number of symbols on the right hand side of rule YYN.  */
static const yytype_uint8 yyr2[] =
{
       0,     2,     0,     4,     0,     3,     0,     3,     0,     3,
       0,     3,     0,     3,     4,     7,     0,     4,     0,     0,
       2,     0,     2,     1,     1,     2,     2,     1,     4,     0,
       7,     0,    10,     4,     0,     7,     7,     7,     6,     6,
       2,     8,     8,     0,     0,    13,     9,     8,     0,    11,
       9,     7,     2,     0,     8,     0,     7,     2,     1,     2,
       0,     3,     1,     1,     3,     3,     3,     3,     3,     3,
       0,     2,     6,     0,     2,     0,     0,     1,     0,     1,
       1,     1,     1,     1,     0,     1,     1,     1,     0,     0,
       0,     1,     1,     0,     1,     0,     2,     1,     2,     1,
       0,     3,     1,     1,     3,     3,     3,     1,     2,     3,
       1,     3,     5,     6,     3,     3,     5,     2,     4,     0,
       5,     1,     1,     5,     4,     5,     4,     5,     6,     5,
       4,     5,     4,     3,     6,     4,     5,     3,     3,     3,
       3,     3,     3,     3,     3,     3,     3,     3,     3,     3,
       3,     2,     2,     2,     2,     2,     2,     2,     2,     2,
       2,     3,     2,     4,     3,     5,     8,     2,     2,     1,
       1,     1,     1,     5,     2,     1,     2,     3,     1,     2,
       1,     1,     1,     1,     1,     1,     4,     4,     5,     5,
       1,     1,     3,     4,     3,     4,     4,     4,     4,     4,
       1,     2,     2,     1,     2,     2,     1,     2,     1,     2,
       1,     3,     1,     3,     1,     3,     4,     0,     6,     1,
       1,     1,     1,     3,     2,     3,     2,     1,     1,     1,
       1,     0,     1,     0,     1,     0,     2,     1,     1,     1,
       1,     1,     1,     2,     2,     2,     5,     2,     2,     4,
       2,     1,     3,     1,     3,     1,     3,     1,     1,     1,
       1
};

typedef enum {
	toketype_ival, toketype_opval, toketype_pval
} toketypes;

/* type of each token/terminal */
static const toketypes yy_type_tab[] =
{
  toketype_ival, toketype_ival, toketype_ival, toketype_ival, toketype_ival, toketype_ival,
  toketype_ival, toketype_ival, toketype_ival, toketype_ival, toketype_ival, toketype_ival,
  toketype_ival, toketype_ival, toketype_ival, toketype_ival, toketype_ival, toketype_ival, toketype_ival, toketype_ival, toketype_opval, toketype_opval,
  toketype_opval, toketype_opval, toketype_opval, toketype_opval, toketype_opval, toketype_opval,
  toketype_opval, toketype_opval, toketype_opval, toketype_opval, toketype_opval, toketype_pval,
  toketype_ival, toketype_ival, toketype_ival, toketype_ival, toketype_ival, toketype_ival, toketype_ival,
  toketype_ival, toketype_ival, toketype_ival, toketype_ival, toketype_ival, toketype_ival, toketype_ival, toketype_ival,
  toketype_ival, toketype_ival, toketype_ival, toketype_ival, toketype_ival, toketype_ival, toketype_ival,
  toketype_ival, toketype_ival, toketype_ival, toketype_ival, toketype_ival, toketype_ival, toketype_ival, toketype_ival,
  toketype_ival, toketype_ival, toketype_ival, toketype_ival, toketype_ival, toketype_ival, toketype_ival,
  toketype_ival, toketype_ival, toketype_ival, toketype_ival, toketype_ival, toketype_ival,
  toketype_ival, toketype_ival, toketype_ival, toketype_ival, toketype_ival, toketype_ival, toketype_ival, toketype_ival,
  toketype_ival, toketype_ival, toketype_ival, toketype_ival, toketype_ival, toketype_ival, toketype_ival,
  toketype_ival, toketype_ival, toketype_ival, toketype_ival, toketype_ival, toketype_ival, toketype_ival,
  toketype_ival, toketype_ival, toketype_ival, toketype_ival, toketype_ival, toketype_ival, toketype_ival, toketype_ival,
  toketype_ival, toketype_ival, toketype_ival, toketype_ival, toketype_ival, toketype_ival, toketype_ival, toketype_ival, toketype_ival,
  toketype_ival, toketype_opval, toketype_opval, toketype_ival, toketype_opval, toketype_ival,
  toketype_opval, toketype_opval, toketype_opval, toketype_opval, toketype_opval, toketype_ival,
  toketype_ival, toketype_ival, toketype_ival, toketype_ival, toketype_ival, toketype_ival, toketype_ival, toketype_opval,
  toketype_opval, toketype_opval, toketype_opval, toketype_opval, toketype_ival, toketype_opval, toketype_opval, toketype_opval,
  toketype_opval, toketype_opval, toketype_opval, toketype_ival, toketype_ival, toketype_ival,
  toketype_ival, toketype_opval, toketype_opval, toketype_opval, toketype_opval,
  toketype_opval, toketype_ival, toketype_opval, toketype_opval, toketype_opval, toketype_opval, toketype_ival,
  toketype_opval, toketype_opval, toketype_opval, toketype_opval, toketype_opval, toketype_opval,
  toketype_opval, toketype_ival, toketype_opval, toketype_opval, toketype_opval, toketype_opval,
  toketype_opval, toketype_opval, toketype_opval, toketype_opval, toketype_opval, toketype_opval,
  toketype_opval, toketype_opval, toketype_opval, toketype_opval, toketype_opval, toketype_opval, toketype_opval,
  toketype_opval, toketype_opval
};

/* Generated from:
<<<<<<<
 * 4a8ca32e78b2c28568a2755bfc816eac493f74ce8ca2738a575bf3438131a1bd perly.y
 * d75acf04e5e050e9d0de13999b5b46a13f176dcf9f75c07acf51e913fc41db9a regen_perly.pl
=======
 * b6d1a13794df2b35a457731c6e6058fe9eff47f88ab9ce7ed4eeb6ca3984245d perly.y
 * ff9221c8d4a0d3655a2f75ed1d02f69e59ab6fb741e3e67c3f91a7526edbcd14 regen_perly.pl
>>>>>>>
 * ex: set ro: */
