/* ex: set ro ft=c: -*- buffer-read-only: t -*-
   !!!!!!!   DO NOT EDIT THIS FILE   !!!!!!!
   This file is built by regen_perly.pl from perly.y.
   Any changes made here will be lost!
 */

#define YYFINAL  14
/* YYLAST -- Last index in YYTABLE.  */
#define YYLAST   2982

/* YYNTOKENS -- Number of terminals.  */
#define YYNTOKENS  106
/* YYNNTS -- Number of nonterminals.  */
#define YYNNTS  78
/* YYNRULES -- Number of rules.  */
#define YYNRULES  254
/* YYNRULES -- Number of states.  */
#define YYNSTATES  510

/* YYTRANSLATE(YYLEX) -- Bison symbol number corresponding to YYLEX.  */
#define YYUNDEFTOK  2
#define YYMAXUTOK   338

#define YYTRANSLATE(YYX)						\
  ((unsigned int) (YYX) <= YYMAXUTOK ? yytranslate[YYX] : YYUNDEFTOK)

/* YYTRANSLATE[YYLEX] -- Bison symbol number corresponding to YYLEX.  */
static const yytype_uint8 yytranslate[] =
{
       0,     2,     2,     2,     2,     2,     2,     2,     2,     2,
       2,     2,     2,     2,     2,     2,     2,     2,     2,     2,
       2,     2,     2,     2,     2,     2,     2,     2,     2,     2,
       2,     2,     2,    88,     2,     2,   103,    16,    17,     2,
     101,   100,   104,    14,    77,    13,    19,   105,     2,     2,
       2,     2,     2,     2,     2,     2,     2,     2,    80,   102,
       2,    18,     2,    79,    15,     2,     2,     2,     2,     2,
       2,     2,     2,     2,     2,     2,     2,     2,     2,     2,
       2,     2,     2,     2,     2,     2,     2,     2,     2,     2,
       2,    11,     2,    12,     2,     2,     2,     2,     2,     2,
       2,     2,     2,     2,     2,     2,     2,     2,     2,     2,
       2,     2,     2,     2,     2,     2,     2,     2,     2,     2,
       2,     2,     2,     9,     2,    10,    89,     2,     2,     2,
       2,     2,     2,     2,     2,     2,     2,     2,     2,     2,
       2,     2,     2,     2,     2,     2,     2,     2,     2,     2,
       2,     2,     2,     2,     2,     2,     2,     2,     2,     2,
       2,     2,     2,     2,     2,     2,     2,     2,     2,     2,
       2,     2,     2,     2,     2,     2,     2,     2,     2,     2,
       2,     2,     2,     2,     2,     2,     2,     2,     2,     2,
       2,     2,     2,     2,     2,     2,     2,     2,     2,     2,
       2,     2,     2,     2,     2,     2,     2,     2,     2,     2,
       2,     2,     2,     2,     2,     2,     2,     2,     2,     2,
       2,     2,     2,     2,     2,     2,     2,     2,     2,     2,
       2,     2,     2,     2,     2,     2,     2,     2,     2,     2,
       2,     2,     2,     2,     2,     2,     2,     2,     2,     2,
       2,     2,     2,     2,     2,     2,     1,     2,     3,     4,
       5,     6,     7,     8,    20,    21,    22,    23,    24,    25,
      26,    27,    28,    29,    30,    31,    32,    33,    34,    35,
      36,    37,    38,    39,    40,    41,    42,    43,    44,    45,
      46,    47,    48,    49,    50,    51,    52,    53,    54,    55,
      56,    57,    58,    59,    60,    61,    62,    63,    64,    65,
      66,    67,    68,    69,    70,    71,    72,    73,    74,    75,
      76,    78,    81,    82,    83,    84,    85,    86,    87,    90,
      91,    92,    93,    94,    95,    96,    97,    98,    99
};

#if YYDEBUG
/* YYPRHS[YYN] -- Index of the first RHS symbol of rule number YYN in
   YYRHS.  */
static const yytype_uint16 yyprhs[] =
{
       0,     0,     3,     4,     9,    10,    14,    15,    19,    20,
      24,    25,    29,    30,    34,    39,    47,    48,    53,    54,
      55,    58,    59,    62,    64,    66,    69,    72,    74,    79,
      80,    88,    89,   100,   105,   106,   114,   122,   130,   137,
     144,   147,   156,   165,   166,   167,   181,   191,   200,   201,
     213,   223,   231,   234,   235,   244,   247,   249,   252,   253,
     257,   259,   261,   265,   269,   273,   277,   281,   285,   286,
     289,   296,   297,   300,   301,   302,   304,   305,   307,   309,
     311,   313,   315,   317,   318,   319,   320,   321,   323,   325,
     326,   328,   329,   332,   334,   337,   339,   340,   344,   346,
     348,   352,   356,   360,   362,   365,   369,   371,   375,   381,
     388,   392,   396,   402,   405,   410,   411,   417,   419,   421,
     427,   432,   438,   443,   449,   456,   462,   467,   473,   478,
     482,   489,   494,   500,   504,   508,   512,   516,   520,   524,
     528,   532,   536,   540,   544,   548,   552,   556,   559,   562,
     565,   568,   571,   574,   577,   580,   583,   586,   590,   593,
     598,   602,   608,   617,   620,   623,   625,   627,   629,   631,
     637,   640,   642,   645,   649,   651,   654,   656,   658,   660,
     662,   664,   666,   671,   676,   682,   688,   690,   692,   696,
     701,   705,   710,   715,   720,   725,   730,   732,   735,   738,
     740,   743,   746,   748,   751,   753,   756,   758,   762,   764,
     768,   770,   774,   779,   780,   787,   789,   791,   793,   795,
     799,   802,   806,   809,   811,   813,   815,   816,   818,   819,
     821,   822,   825,   827,   829,   831,   833,   835,   837,   840,
     843,   846,   849,   852,   857,   860,   862,   866,   868,   872,
     874,   878,   880,   882,   884
};

/* YYRHS -- A `-1'-separated list of the rules' RHS.  */
static const yytype_int16 yyrhs[] =
{
     107,     0,    -1,    -1,     3,   108,   116,   119,    -1,    -1,
       4,   109,   169,    -1,    -1,     5,   110,   114,    -1,    -1,
       6,   111,   123,    -1,    -1,     7,   112,   121,    -1,    -1,
       8,   113,   119,    -1,     9,   116,   119,    10,    -1,    18,
     116,   102,    71,   120,   102,    19,    -1,    -1,     9,   118,
     119,    10,    -1,    -1,    -1,   119,   121,    -1,    -1,   120,
     131,    -1,   123,    -1,   122,    -1,    33,   123,    -1,    33,
     122,    -1,    32,    -1,    34,   146,   143,   115,    -1,    -1,
      35,   147,   144,   124,   148,   149,   153,    -1,    -1,    35,
     147,   144,   125,   116,   151,   149,     9,   119,    10,    -1,
      37,    20,    20,   102,    -1,    -1,    38,   144,   126,    20,
      20,   168,   102,    -1,    41,   101,   116,   140,   100,   117,
     134,    -1,    42,   101,   116,   142,   100,   117,   134,    -1,
      47,   101,   116,   140,   100,   117,    -1,    48,   101,   116,
     140,   100,   117,    -1,    49,   114,    -1,    39,   101,   116,
     138,   100,   136,   117,   135,    -1,    40,   101,   116,   139,
     100,   136,   117,   135,    -1,    -1,    -1,    46,   101,   116,
     141,   102,   127,   138,   102,   128,   136,   141,   100,   117,
      -1,    46,    67,   116,   171,   101,   140,   100,   117,   135,
      -1,    46,   175,   101,   116,   140,   100,   117,   135,    -1,
      -1,    46,    90,    67,   116,   172,   129,   101,   140,   100,
     117,   135,    -1,    46,    90,   173,   101,   116,   140,   100,
     117,   135,    -1,    46,   101,   116,   140,   100,   117,   135,
      -1,   114,   135,    -1,    -1,    37,    20,    20,     9,   116,
     130,   119,    10,    -1,   133,   102,    -1,   102,    -1,    23,
     132,    -1,    -1,    70,   119,    71,    -1,     1,    -1,   154,
      -1,   154,    41,   154,    -1,   154,    42,   154,    -1,   154,
      39,   154,    -1,   154,    40,   139,    -1,   154,    46,   154,
      -1,   154,    48,   154,    -1,    -1,    43,   117,    -1,    44,
     101,   140,   100,   117,   134,    -1,    -1,    45,   114,    -1,
      -1,    -1,   133,    -1,    -1,   154,    -1,   154,    -1,   154,
      -1,   137,    -1,   139,    -1,    20,    -1,    -1,    -1,    -1,
      -1,    20,    -1,    25,    -1,    -1,    23,    -1,    -1,    69,
      23,    -1,    69,    -1,    69,    23,    -1,    69,    -1,    -1,
     101,   152,   100,    -1,   114,    -1,   102,    -1,   154,    75,
     154,    -1,   154,    74,   154,    -1,   154,    73,   154,    -1,
     155,    -1,   155,    77,    -1,   155,    77,   164,    -1,   164,
      -1,    57,   183,   155,    -1,    55,   101,   183,   154,   100,
      -1,   164,    99,   158,   101,   169,   100,    -1,   164,    99,
     158,    -1,    21,   183,   168,    -1,    22,   183,   101,   169,
     100,    -1,    57,   168,    -1,    55,   101,   169,   100,    -1,
      -1,    30,   145,   114,   157,   168,    -1,    21,    -1,   175,
      -1,   182,     9,   154,   102,    10,    -1,   175,    11,   154,
      12,    -1,   164,    99,    11,   154,    12,    -1,   159,    11,
     154,    12,    -1,   175,     9,   154,   102,    10,    -1,   164,
      99,     9,   154,   102,    10,    -1,   159,     9,   154,   102,
      10,    -1,   164,    99,   101,   100,    -1,   164,    99,   101,
     154,   100,    -1,   159,   101,   154,   100,    -1,   159,   101,
     100,    -1,   101,   154,   100,    11,   154,    12,    -1,    26,
      11,   154,    12,    -1,   101,   100,    11,   154,    12,    -1,
     164,    78,   164,    -1,   164,    93,   164,    -1,   164,    60,
     164,    -1,   164,    61,   164,    -1,   164,    86,   164,    -1,
     164,    58,   164,    -1,   164,    59,   164,    -1,   164,    85,
     164,    -1,   164,    84,   164,    -1,   164,    51,   164,    -1,
     164,    83,   164,    -1,   164,    82,   164,    -1,   164,    81,
     164,    -1,   164,    87,   164,    -1,    13,   164,    -1,    14,
     164,    -1,    88,   164,    -1,    89,   164,    -1,   164,    96,
      -1,   164,    95,    -1,   164,    94,    -1,   164,    92,    -1,
      98,   164,    -1,    97,   164,    -1,    11,   154,    12,    -1,
      11,    12,    -1,    64,   154,   102,    10,    -1,    64,   102,
      10,    -1,    36,   145,   148,   149,   114,    -1,    36,   145,
     116,   151,   149,     9,   119,    10,    -1,    63,   164,    -1,
      63,   114,    -1,   160,    -1,   161,    -1,   162,    -1,   163,
      -1,   164,    79,   164,    80,   164,    -1,    90,   164,    -1,
     166,    -1,    66,   164,    -1,   101,   154,   100,    -1,    26,
      -1,   101,   100,    -1,   175,    -1,   179,    -1,   177,    -1,
     176,    -1,   178,    -1,   159,    -1,   180,    11,   154,    12,
      -1,   181,    11,   154,    12,    -1,   180,     9,   154,   102,
      10,    -1,   181,     9,   154,   102,    10,    -1,    23,    -1,
     174,    -1,   174,   101,   100,    -1,   174,   101,   154,   100,
      -1,    65,   147,   168,    -1,   164,    99,   103,   104,    -1,
     164,    99,    15,   104,    -1,   164,    99,    16,   104,    -1,
     164,    99,    17,   104,    -1,   164,    99,   104,   104,    -1,
      50,    -1,    50,   164,    -1,    76,   155,    -1,    56,    -1,
      56,   114,    -1,    56,   164,    -1,    68,    -1,    68,   164,
      -1,    29,    -1,    29,   164,    -1,    53,    -1,    53,   101,
     100,    -1,    27,    -1,    27,   101,   100,    -1,    28,    -1,
      54,   101,   100,    -1,    54,   101,   154,   100,    -1,    -1,
      24,   165,   101,   155,   170,   100,    -1,    20,    -1,   156,
      -1,    52,    -1,    31,    -1,    67,   167,   150,    -1,    67,
     167,    -1,   101,   154,   100,    -1,   101,   100,    -1,   175,
      -1,   177,    -1,   176,    -1,    -1,   155,    -1,    -1,   154,
      -1,    -1,   105,   154,    -1,   175,    -1,   175,    -1,   176,
      -1,   177,    -1,   172,    -1,   174,    -1,    17,   183,    -1,
     103,   183,    -1,    15,   183,    -1,    16,   183,    -1,    62,
     183,    -1,   164,    99,    62,   104,    -1,   104,   183,    -1,
     176,    -1,   164,    99,    15,    -1,   177,    -1,   164,    99,
      16,    -1,   179,    -1,   164,    99,   104,    -1,    20,    -1,
     175,    -1,   114,    -1,    25,    -1
};

/* YYRLINE[YYN] -- source line where rule number YYN was defined.  */
static const yytype_uint16 yyrline[] =
{
       0,   115,   115,   114,   125,   124,   134,   133,   146,   145,
     158,   157,   170,   169,   181,   189,   197,   201,   209,   215,
     216,   226,   227,   236,   240,   244,   248,   255,   257,   268,
     267,   301,   300,   339,   347,   346,   355,   361,   367,   378,
     380,   382,   389,   397,   399,   396,   416,   421,   428,   427,
     442,   450,   456,   463,   462,   477,   481,   489,   507,   508,
     513,   515,   517,   519,   521,   523,   525,   528,   534,   535,
     540,   551,   552,   558,   564,   565,   570,   573,   577,   582,
     586,   590,   594,   595,   599,   605,   610,   615,   616,   621,
     622,   627,   628,   630,   635,   637,   643,   642,   662,   663,
     667,   669,   671,   673,   677,   679,   684,   688,   692,   696,
     702,   707,   713,   719,   721,   724,   723,   734,   735,   739,
     743,   746,   751,   756,   759,   763,   767,   770,   775,   779,
     782,   784,   786,   791,   793,   795,   800,   802,   804,   806,
     808,   810,   812,   814,   816,   818,   820,   825,   827,   830,
     832,   834,   837,   840,   851,   854,   857,   864,   866,   868,
     870,   872,   875,   889,   891,   895,   896,   897,   898,   899,
     901,   903,   905,   907,   909,   911,   913,   915,   917,   919,
     921,   923,   925,   935,   945,   955,   965,   967,   969,   972,
     977,   981,   983,   985,   987,   990,   992,   995,   997,   999,
    1001,  1003,  1005,  1007,  1009,  1011,  1014,  1016,  1018,  1020,
    1022,  1024,  1028,  1031,  1030,  1043,  1044,  1045,  1050,  1054,
    1056,  1061,  1063,  1066,  1068,  1070,  1075,  1077,  1082,  1083,
    1088,  1089,  1095,  1099,  1100,  1101,  1104,  1105,  1108,  1112,
    1116,  1122,  1128,  1130,  1134,  1138,  1139,  1143,  1144,  1148,
    1149,  1154,  1156,  1158,  1161
};
#endif

#if YYDEBUG || YYERROR_VERBOSE || YYTOKEN_TABLE
/* YYTNAME[SYMBOL-NUM] -- String name of the symbol SYMBOL-NUM.
   First, the terminals, then, starting at YYNTOKENS, nonterminals.  */
static const char *const yytname[] =
{
  "$end", "error", "$undefined", "GRAMPROG", "GRAMEXPR", "GRAMBLOCK",
  "GRAMBARESTMT", "GRAMFULLSTMT", "GRAMSTMTSEQ", "'{'", "'}'", "'['",
  "']'", "'-'", "'+'", "'@'", "'%'", "'&'", "'='", "'.'", "WORD", "METHOD",
  "FUNCMETH", "THING", "PMFUNC", "PRIVATEREF", "QWLIST", "FUNC0OP",
  "FUNC0SUB", "UNIOPSUB", "LSTOPSUB", "PLUGEXPR", "PLUGSTMT", "LABEL",
  "FORMAT", "SUB", "ANONSUB", "PACKAGE", "USE", "WHILE", "UNTIL", "IF",
  "UNLESS", "ELSE", "ELSIF", "CONTINUE", "FOR", "GIVEN", "WHEN", "DEFAULT",
  "LOOPEX", "DOTDOT", "YADAYADA", "FUNC0", "FUNC1", "FUNC", "UNIOP",
  "LSTOP", "RELOP", "EQOP", "MULOP", "ADDOP", "DOLSHARP", "DO",
  "HASHBRACK", "NOAMP", "LOCAL", "MY", "REQUIRE", "COLONATTR",
  "FORMLBRACK", "FORMRBRACK", "PREC_LOW", "DOROP", "OROP", "ANDOP",
  "NOTOP", "','", "ASSIGNOP", "'?'", "':'", "DORDOR", "OROR", "ANDAND",
  "BITOROP", "BITANDOP", "SHIFTOP", "MATCHOP", "'!'", "'~'", "REFGEN",
  "UMINUS", "POWCOP", "POWOP", "POSTJOIN", "POSTDEC", "POSTINC", "PREDEC",
  "PREINC", "ARROW", "')'", "'('", "';'", "'$'", "'*'", "'/'", "$accept",
  "grammar", "$@1", "$@2", "$@3", "$@4", "$@5", "$@6", "block",
  "formblock", "remember", "mblock", "mremember", "stmtseq", "formstmtseq",
  "fullstmt", "labfullstmt", "barestmt", "$@7", "$@8", "$@9", "$@10",
  "$@11", "@12", "$@13", "formline", "formarg", "sideff", "else", "cont",
  "mintro", "nexpr", "texpr", "iexpr", "mexpr", "mnexpr", "miexpr",
  "formname", "startsub", "startanonsub", "startformsub", "subname",
  "proto", "subattrlist", "myattrlist", "subsignature", "@14",
  "optsubbody", "expr", "listexpr", "listop", "@15", "method",
  "subscripted", "termbinop", "termunop", "anonymous", "termdo", "term",
  "@16", "myattrterm", "myterm", "optlistexpr", "optexpr", "optrepl",
  "my_scalar", "my_var", "refgen_topic", "amper", "scalar", "ary", "hsh",
  "arylen", "star", "sliceme", "kvslice", "gelem", "indirob", YY_NULL
};
#endif

# ifdef YYPRINT
/* YYTOKNUM[YYLEX-NUM] -- Internal token number corresponding to
   token YYLEX-NUM.  */
static const yytype_uint16 yytoknum[] =
{
       0,   256,   257,   258,   259,   260,   261,   262,   263,   123,
     125,    91,    93,    45,    43,    64,    37,    38,    61,    46,
     264,   265,   266,   267,   268,   269,   270,   271,   272,   273,
     274,   275,   276,   277,   278,   279,   280,   281,   282,   283,
     284,   285,   286,   287,   288,   289,   290,   291,   292,   293,
     294,   295,   296,   297,   298,   299,   300,   301,   302,   303,
     304,   305,   306,   307,   308,   309,   310,   311,   312,   313,
     314,   315,   316,   317,   318,   319,   320,    44,   321,    63,
      58,   322,   323,   324,   325,   326,   327,   328,    33,   126,
     329,   330,   331,   332,   333,   334,   335,   336,   337,   338,
      41,    40,    59,    36,    42,    47
};
# endif

/* YYR1[YYN] -- Symbol number of symbol that rule YYN derives.  */
static const yytype_uint8 yyr1[] =
{
       0,   106,   108,   107,   109,   107,   110,   107,   111,   107,
     112,   107,   113,   107,   114,   115,   116,   117,   118,   119,
     119,   120,   120,   121,   121,   122,   122,   123,   123,   124,
     123,   125,   123,   123,   126,   123,   123,   123,   123,   123,
     123,   123,   123,   127,   128,   123,   123,   123,   129,   123,
     123,   123,   123,   130,   123,   123,   123,   131,   132,   132,
     133,   133,   133,   133,   133,   133,   133,   133,   134,   134,
     134,   135,   135,   136,   137,   137,   138,   138,   139,   140,
     141,   142,   143,   143,   144,   145,   146,   147,   147,   148,
     148,   149,   149,   149,   150,   150,   152,   151,   153,   153,
     154,   154,   154,   154,   155,   155,   155,   156,   156,   156,
     156,   156,   156,   156,   156,   157,   156,   158,   158,   159,
     159,   159,   159,   159,   159,   159,   159,   159,   159,   159,
     159,   159,   159,   160,   160,   160,   160,   160,   160,   160,
     160,   160,   160,   160,   160,   160,   160,   161,   161,   161,
     161,   161,   161,   161,   161,   161,   161,   162,   162,   162,
     162,   162,   162,   163,   163,   164,   164,   164,   164,   164,
     164,   164,   164,   164,   164,   164,   164,   164,   164,   164,
     164,   164,   164,   164,   164,   164,   164,   164,   164,   164,
     164,   164,   164,   164,   164,   164,   164,   164,   164,   164,
     164,   164,   164,   164,   164,   164,   164,   164,   164,   164,
     164,   164,   164,   165,   164,   164,   164,   164,   164,   166,
     166,   167,   167,   167,   167,   167,   168,   168,   169,   169,
     170,   170,   171,   172,   172,   172,   173,   173,   174,   175,
     176,   177,   178,   178,   179,   180,   180,   181,   181,   182,
     182,   183,   183,   183,   183
};

/* YYR2[YYN] -- Number of symbols composing right hand side of rule YYN.  */
static const yytype_uint8 yyr2[] =
{
       0,     2,     0,     4,     0,     3,     0,     3,     0,     3,
       0,     3,     0,     3,     4,     7,     0,     4,     0,     0,
       2,     0,     2,     1,     1,     2,     2,     1,     4,     0,
       7,     0,    10,     4,     0,     7,     7,     7,     6,     6,
       2,     8,     8,     0,     0,    13,     9,     8,     0,    11,
       9,     7,     2,     0,     8,     2,     1,     2,     0,     3,
       1,     1,     3,     3,     3,     3,     3,     3,     0,     2,
       6,     0,     2,     0,     0,     1,     0,     1,     1,     1,
       1,     1,     1,     0,     0,     0,     0,     1,     1,     0,
       1,     0,     2,     1,     2,     1,     0,     3,     1,     1,
       3,     3,     3,     1,     2,     3,     1,     3,     5,     6,
       3,     3,     5,     2,     4,     0,     5,     1,     1,     5,
       4,     5,     4,     5,     6,     5,     4,     5,     4,     3,
       6,     4,     5,     3,     3,     3,     3,     3,     3,     3,
       3,     3,     3,     3,     3,     3,     3,     2,     2,     2,
       2,     2,     2,     2,     2,     2,     2,     3,     2,     4,
       3,     5,     8,     2,     2,     1,     1,     1,     1,     5,
       2,     1,     2,     3,     1,     2,     1,     1,     1,     1,
       1,     1,     4,     4,     5,     5,     1,     1,     3,     4,
       3,     4,     4,     4,     4,     4,     1,     2,     2,     1,
       2,     2,     1,     2,     1,     2,     1,     3,     1,     3,
       1,     3,     4,     0,     6,     1,     1,     1,     1,     3,
       2,     3,     2,     1,     1,     1,     0,     1,     0,     1,
       0,     2,     1,     1,     1,     1,     1,     1,     2,     2,
       2,     2,     2,     4,     2,     1,     3,     1,     3,     1,
       3,     1,     1,     1,     1
};

/* YYDEFACT[STATE-NAME] -- Default reduction number in state STATE-NUM.
   Performed when YYTABLE doesn't specify something else to do.  Zero
   means the default is an error.  */
static const yytype_uint8 yydefact[] =
{
       0,     2,     4,     6,     8,    10,    12,     0,    16,   228,
       0,     0,     0,    19,     1,    19,     0,     0,     0,     0,
       0,     0,   215,     0,     0,   186,   213,   174,   208,   210,
     204,    85,   218,    85,   196,   217,   206,     0,     0,   199,
     226,     0,     0,     0,     0,     0,     0,   202,     0,     0,
       0,     0,     0,     0,     0,     0,     0,   229,   103,   216,
     181,   165,   166,   167,   168,   106,   171,     5,   187,   176,
     179,   178,   180,   177,     0,     0,     0,    16,     7,    60,
      27,    86,     0,     0,    84,     0,     0,     0,     0,     0,
       0,     0,     0,    56,    71,     9,     0,    61,     0,    11,
      24,    23,     0,     0,   158,     0,   147,   148,   251,   254,
     253,   252,   240,   241,   238,   226,     0,     0,     0,     0,
     205,     0,    89,   197,     0,     0,   228,   200,   201,   251,
     227,   113,   252,     0,   242,   164,   163,     0,     0,    87,
      88,   226,   172,     0,   220,   223,   225,   224,   203,   198,
     149,   150,   170,   156,   155,   175,     0,   239,   244,     0,
       0,     0,   104,     0,     0,     0,     0,     0,     0,     0,
       0,     0,     0,     0,     0,     0,     0,     0,     0,     0,
     154,     0,   153,   152,   151,     0,     0,     0,     0,     0,
       0,     0,     0,     0,    19,    83,    84,     0,    34,    16,
      16,    16,    16,    16,     0,    16,     0,    16,    16,    40,
       0,    52,    55,     0,     0,     0,     0,     0,     0,    26,
      25,    20,   157,   111,   228,     0,     0,   209,   115,    90,
       0,    91,   207,   211,     0,     0,     0,   107,   160,     0,
     190,   222,     0,    95,   219,     0,   173,   102,   101,   100,
     105,     0,     0,   129,     0,   142,   138,   139,   135,   136,
     133,     0,   145,   144,   143,   141,   140,   137,   146,   134,
       0,     0,   246,   248,     0,   117,     0,     0,     0,   250,
     110,   118,   188,     0,     0,     0,     0,     0,     0,     0,
       0,     0,    82,     0,    29,     0,     0,    76,     0,     0,
       0,     0,    16,   236,     0,   237,   233,   234,   235,     0,
      16,     0,     0,    72,    64,    65,    78,    62,    63,    66,
      67,     0,   230,   131,   226,    96,    91,    93,     0,   212,
     114,     0,   159,   221,    94,     0,     0,     0,   122,   128,
       0,     0,     0,   192,   193,   194,   243,   126,     0,   191,
     195,   228,   189,     0,   120,     0,   182,     0,   183,     0,
      14,    16,    28,    89,    16,    16,    33,     0,     0,    77,
       0,     0,    79,    81,     0,     0,   232,     0,    16,    75,
      80,     0,     0,    61,     0,     0,     0,   112,     0,     0,
     116,     0,     0,    92,   161,   108,   132,     0,   125,   169,
       0,   121,   127,     0,   123,   184,   185,   119,     0,    91,
       0,    53,   226,    73,    73,     0,     0,     0,    48,     0,
       0,    43,     0,     0,     0,   231,   214,    97,    19,   130,
     124,   109,     0,     0,    91,    19,     0,     0,     0,    18,
      68,    68,     0,     0,     0,    71,    76,     0,    38,    39,
       0,    21,    99,    98,    30,     0,     0,    35,    71,    71,
      19,     0,     0,    36,    37,     0,     0,     0,    51,     0,
      71,   162,     0,    19,    54,    41,    42,     0,    69,     0,
      71,     0,    71,    44,    47,    58,     0,    22,     0,    17,
       0,    46,     0,    50,    73,    19,    57,    15,    32,     0,
      71,     0,     0,    68,    49,     0,    59,    70,     0,    45
};

/* YYDEFGOTO[NTERM-NUM].  */
static const yytype_int16 yydefgoto[] =
{
      -1,     7,     8,     9,    10,    11,    12,    13,    94,   362,
      15,   440,   460,   102,   472,   221,   100,   101,   363,   364,
     296,   446,   494,   443,   435,   487,   496,    96,   463,   211,
     437,   380,   368,   315,   371,   382,   374,   293,   198,   121,
     195,   141,   231,   328,   244,   326,   391,   454,    97,    58,
      59,   324,   280,    60,    61,    62,    63,    64,    65,   117,
      66,   144,   131,    67,   389,   375,   303,   304,    68,    69,
      70,    71,    72,    73,    74,    75,    76,   157
};

/* YYPACT[STATE-NUM] -- Index in YYTABLE of the portion describing
   STATE-NUM.  */
#define YYPACT_NINF -398
static const yytype_int16 yypact[] =
{
     582,  -398,  -398,  -398,  -398,  -398,  -398,    29,  -398,  2739,
      57,  1513,  1415,  -398,  -398,  -398,  1987,  2739,  2739,    33,
      33,    33,  -398,    33,    33,  -398,  -398,    76,   -31,  -398,
    2739,  -398,  -398,  -398,  2739,  -398,   -20,   -13,    -8,  1893,
    1797,    33,  1893,  2081,    30,  2739,    36,  2739,  2739,  2739,
    2739,  2739,  2739,  2739,  2175,    33,    33,    94,    24,  -398,
       7,  -398,  -398,  -398,  -398,  2837,  -398,  -398,    13,    21,
      93,   195,  -398,   106,   207,   305,   109,  -398,  -398,  -398,
    -398,  -398,    30,    99,  -398,    22,    27,    31,    40,   104,
      45,    52,    57,  -398,    86,  -398,    20,   182,  1415,  -398,
    -398,  -398,   630,   729,  -398,    70,   430,   430,  -398,  -398,
    -398,  -398,  -398,  -398,  -398,  2739,    56,    91,  2739,    78,
     279,    57,    10,  2837,   115,  2269,  1797,  -398,   279,   533,
      24,  -398,   457,  2739,  -398,  -398,   279,   167,   125,  -398,
    -398,  2739,   279,  2363,   151,  -398,  -398,  -398,   279,    24,
     430,   430,   430,   501,   501,   214,   163,  -398,  -398,  2739,
    2739,  2739,  2739,  2739,  2739,  2457,  2739,  2739,  2739,  2739,
    2739,  2739,  2739,  2739,  2739,  2739,  2739,  2739,  2739,  2739,
    -398,  2739,  -398,  -398,  -398,    62,  2551,  2739,  2739,  2739,
    2739,  2739,  2739,  2739,  -398,   219,  -398,   224,  -398,  -398,
    -398,  -398,  -398,  -398,    59,  -398,   146,  -398,  -398,  -398,
      57,  -398,  -398,  2739,  2739,  2739,  2739,  2739,  2739,  -398,
    -398,  -398,  -398,  -398,  2739,  2739,    74,  -398,  -398,  -398,
     173,   199,  -398,  -398,   176,   169,  2739,    24,  -398,   276,
    -398,  -398,   311,   264,  -398,  2739,   290,   215,   215,  -398,
    2837,   186,    77,  -398,   373,  1595,   331,   395,   471,   204,
    2837,  2788,  1687,  1687,  1782,  1878,  1972,   268,   430,   430,
    2739,  2739,   198,   209,   223,  -398,   226,  2645,     6,   229,
     234,  -398,  -398,   402,   210,   100,   245,   122,   251,   128,
     358,   827,  -398,   318,   237,    -7,   321,  2739,  2739,  2739,
    2739,   255,  -398,  -398,   258,  -398,  -398,  -398,  -398,  1607,
    -398,  2739,  2739,  -398,    94,  -398,    94,    94,    94,    94,
      94,   270,   -36,  -398,  2739,  -398,   199,   345,    57,  -398,
    -398,   411,  -398,  -398,  -398,   160,  2739,   366,  -398,  -398,
    2739,   361,   168,  -398,  -398,  -398,  -398,  -398,   446,  -398,
    -398,  2739,  -398,   370,  -398,   371,  -398,   372,  -398,   377,
    -398,  -398,  -398,   365,  -398,  -398,  -398,   388,   293,    94,
     310,   316,    94,  -398,   319,   337,  -398,    32,  -398,  -398,
    -398,   322,   340,   269,  2739,   339,   343,  -398,  2739,   344,
    -398,   349,   453,  -398,  -398,  -398,  -398,   179,  -398,  2883,
     454,  -398,  -398,   367,  -398,  -398,  -398,  -398,   363,   199,
     173,  -398,  2739,  -398,  -398,   462,   462,  2739,  -398,  2739,
     462,  -398,   378,   462,   462,    94,  -398,  -398,  -398,  -398,
    -398,  -398,   401,     1,   199,  -398,   381,   462,   462,  -398,
      18,    18,   379,   391,   393,    86,  2739,   462,  -398,  -398,
     925,  -398,  -398,  -398,  -398,   486,  1023,  -398,    86,    86,
    -398,   462,   399,  -398,  -398,   462,  2739,   462,  -398,   404,
      86,  -398,   -11,  -398,  -398,  -398,  -398,  1121,  -398,  2739,
      86,   407,    86,  -398,  -398,   431,   485,  -398,  1219,  -398,
     409,  -398,   462,  -398,  -398,  -398,  -398,  -398,  -398,   462,
      86,  1701,  1317,    18,  -398,   412,  -398,  -398,   462,  -398
};

/* YYPGOTO[NTERM-NUM].  */
static const yytype_int16 yypgoto[] =
{
    -398,  -398,  -398,  -398,  -398,  -398,  -398,  -398,     4,  -398,
     149,  2394,  -398,   -15,  -398,   516,   449,     9,  -398,  -398,
    -398,  -398,  -398,  -398,  -398,  -398,  -398,  -308,  -387,   -30,
    -397,  -398,   102,    23,  -290,    53,  -398,  -398,   359,   527,
    -398,   479,   206,  -317,  -398,   161,  -398,  -398,    -5,   -35,
    -398,  -398,  -398,  -398,  -398,  -398,  -398,  -398,   228,  -398,
    -398,  -398,  -107,  -119,  -398,  -398,   200,  -398,   374,    44,
     -43,   -40,  -398,  -398,  -398,  -398,  -398,    16
};

/* YYTABLE[YYPACT[STATE-NUM]].  What to do in state STATE-NUM.  If
   positive, shift that token.  If negative, reduce the rule which
   number is the opposite.  If YYTABLE_NINF, syntax error.  */
#define YYTABLE_NINF -250
static const yytype_int16 yytable[] =
{
     103,   379,   365,   146,    57,   130,   147,   235,   223,   392,
      77,   105,   485,   149,    78,    77,   163,   438,   164,   381,
      95,   385,   386,   110,   110,   110,   108,   110,   110,    14,
     187,   109,   188,   229,   240,   112,   113,   114,   138,   115,
     116,   162,    77,   127,   110,   110,   135,    19,    20,   156,
     139,    19,    20,   108,   464,   140,   133,   134,   109,   110,
     110,   461,   462,   111,   111,   111,    77,   111,   111,   388,
     119,   270,   158,   271,    19,    20,    21,   272,   273,   274,
     130,   124,   222,   275,   132,   111,   323,   118,   125,   338,
     145,   486,   433,   126,   422,   366,   209,   501,   237,   111,
     111,   162,  -245,   452,  -245,   321,   130,   220,   165,    55,
     349,   -16,   354,   226,   186,  -249,   507,   455,   193,   197,
     234,    57,   212,   199,   276,   228,   302,   442,   200,   444,
     110,   210,   201,   206,   356,    55,    55,   143,   242,    55,
     358,   202,   236,   159,   160,   161,   207,   159,   160,   161,
     159,   160,   161,   208,   247,   248,   249,   224,   251,   252,
     254,   307,    55,   277,   308,   278,   279,   159,   160,   161,
     132,   203,   396,   159,   160,   161,   481,   238,   227,   291,
     401,   283,   284,   285,   286,   287,   288,   289,   290,   490,
     322,   429,   225,   379,   204,   159,   160,   161,   159,   160,
     161,   159,   160,   161,  -247,   205,  -247,    55,   314,   316,
     317,   318,   319,   320,   313,   232,   189,   390,   190,    57,
     243,   213,   214,   215,   216,   245,   194,   239,   217,   281,
     218,   331,   403,   159,   160,   161,   159,   160,   161,   292,
     335,   159,   160,   161,   295,   106,   107,   310,   306,   159,
     160,   161,   159,   160,   161,   159,   160,   161,   120,   159,
     160,   161,   123,   246,   169,   341,   342,   128,   327,   330,
     136,   230,   348,   142,   325,   148,   329,   150,   151,   152,
     153,   154,   110,   159,   160,   161,   332,   334,   337,   130,
     161,   179,   369,   316,   372,   316,   180,   181,   182,   183,
     184,   336,   343,   185,   383,   436,   372,   372,   213,   214,
     215,   216,   353,   344,   191,   217,   192,   218,   159,   160,
     161,   370,   111,   373,   159,   160,   161,   345,   169,   170,
     346,   397,   394,   350,   307,   351,   361,   308,   -31,   169,
     170,   367,   159,   160,   161,   376,    57,   355,   297,   298,
     299,   300,   301,   357,   309,   179,   311,   312,    55,   378,
     180,   181,   182,   183,   184,   178,   179,   185,   393,   -79,
     387,   180,   181,   182,   183,   184,   398,   130,   185,   372,
     404,   405,   406,   425,   159,   160,   161,   407,   229,  -250,
     250,   169,   170,   413,   255,   256,   257,   258,   259,   260,
     261,   262,   263,   264,   265,   266,   267,   268,   412,   269,
     414,   333,   372,   450,   372,   468,   415,   178,   179,   416,
     456,   306,   420,   180,   181,   182,   183,   184,   475,   476,
     185,   159,   160,   161,   159,   160,   161,   453,   417,   423,
     484,   369,   421,   424,   426,   477,   159,   160,   161,   427,
     491,   377,   493,   167,  -250,   169,   170,  -176,   488,   384,
     359,   372,   428,   400,   430,   432,   187,   431,   188,  -176,
     504,   439,   451,   339,   372,   159,   160,   161,   447,   465,
     502,   178,   179,   457,   159,   160,   161,   180,   181,   182,
     183,   184,   466,   467,   185,   473,  -176,  -176,  -176,  -176,
     479,   495,   352,  -176,   497,  -176,   483,   492,  -176,   499,
     408,   395,   508,   410,   411,  -176,  -176,  -176,  -176,   159,
     160,   161,   180,   181,   182,   183,   184,   419,    99,   185,
    -176,  -176,  -176,  -215,  -176,  -176,  -176,  -176,  -176,  -176,
    -176,  -176,  -176,  -176,  -176,  -215,   402,   219,   469,  -176,
    -176,  -176,  -176,  -176,   505,   294,  -176,  -176,   179,  -176,
     122,   196,  -176,   180,   181,   182,   183,   184,   399,   409,
     185,   434,  -215,  -215,  -215,  -215,     0,   418,   305,  -215,
       0,  -215,     0,     0,  -215,     1,     2,     3,     4,     5,
       6,  -215,  -215,  -215,  -215,  -250,  -250,  -250,     0,     0,
     185,     0,     0,     0,     0,     0,  -215,  -215,  -215,     0,
    -215,  -215,  -215,  -215,  -215,  -215,  -215,  -215,  -215,  -215,
    -215,     0,     0,     0,     0,  -215,  -215,  -215,  -215,  -215,
     -13,    79,  -215,  -215,     0,  -215,     0,     0,  -215,    77,
       0,    16,     0,    17,    18,    19,    20,    21,     0,     0,
      22,    23,    24,    25,    26,     0,    27,    28,    29,    30,
      31,    32,    80,    98,    81,    82,    33,    83,    84,    85,
      86,    87,    88,     0,     0,     0,    89,    90,    91,    92,
      34,     0,    35,    36,    37,    38,    39,    40,     0,     0,
       0,     0,    41,    42,    43,    44,    45,    46,    47,     0,
       0,     0,     0,     0,     0,     0,    48,     0,     0,     0,
       0,     0,     0,     0,     0,     0,     0,     0,    49,    50,
      51,     0,     0,     0,     0,     0,     0,    52,    53,    -3,
      79,    54,    93,    55,    56,     0,     0,     0,    77,     0,
      16,     0,    17,    18,    19,    20,    21,     0,     0,    22,
      23,    24,    25,    26,     0,    27,    28,    29,    30,    31,
      32,    80,    98,    81,    82,    33,    83,    84,    85,    86,
      87,    88,     0,     0,     0,    89,    90,    91,    92,    34,
       0,    35,    36,    37,    38,    39,    40,     0,     0,     0,
       0,    41,    42,    43,    44,    45,    46,    47,     0,     0,
       0,     0,     0,     0,     0,    48,     0,     0,     0,     0,
       0,     0,     0,     0,     0,     0,     0,    49,    50,    51,
       0,     0,     0,     0,     0,     0,    52,    53,    79,     0,
      54,    93,    55,    56,     0,     0,    77,   360,    16,     0,
      17,    18,    19,    20,    21,     0,     0,    22,    23,    24,
      25,    26,     0,    27,    28,    29,    30,    31,    32,    80,
      98,    81,    82,    33,    83,    84,    85,    86,    87,    88,
       0,     0,     0,    89,    90,    91,    92,    34,     0,    35,
      36,    37,    38,    39,    40,     0,     0,     0,     0,    41,
      42,    43,    44,    45,    46,    47,     0,     0,     0,     0,
       0,     0,     0,    48,     0,     0,     0,     0,     0,     0,
       0,     0,     0,     0,     0,    49,    50,    51,     0,     0,
       0,     0,     0,     0,    52,    53,    79,     0,    54,    93,
      55,    56,     0,     0,    77,   471,    16,     0,    17,    18,
      19,    20,    21,     0,     0,    22,    23,    24,    25,    26,
       0,    27,    28,    29,    30,    31,    32,    80,    98,    81,
      82,    33,    83,    84,    85,    86,    87,    88,     0,     0,
       0,    89,    90,    91,    92,    34,     0,    35,    36,    37,
      38,    39,    40,     0,     0,     0,     0,    41,    42,    43,
      44,    45,    46,    47,     0,     0,     0,     0,     0,     0,
       0,    48,     0,     0,     0,     0,     0,     0,     0,     0,
       0,     0,     0,    49,    50,    51,     0,     0,     0,     0,
       0,     0,    52,    53,    79,     0,    54,    93,    55,    56,
       0,     0,    77,   474,    16,     0,    17,    18,    19,    20,
      21,     0,     0,    22,    23,    24,    25,    26,     0,    27,
      28,    29,    30,    31,    32,    80,    98,    81,    82,    33,
      83,    84,    85,    86,    87,    88,     0,     0,     0,    89,
      90,    91,    92,    34,     0,    35,    36,    37,    38,    39,
      40,     0,     0,     0,     0,    41,    42,    43,    44,    45,
      46,    47,     0,     0,     0,     0,     0,     0,     0,    48,
       0,     0,     0,     0,     0,     0,     0,     0,     0,     0,
       0,    49,    50,    51,     0,     0,     0,     0,     0,     0,
      52,    53,    79,     0,    54,    93,    55,    56,     0,     0,
      77,   489,    16,     0,    17,    18,    19,    20,    21,     0,
       0,    22,    23,    24,    25,    26,     0,    27,    28,    29,
      30,    31,    32,    80,    98,    81,    82,    33,    83,    84,
      85,    86,    87,    88,     0,     0,     0,    89,    90,    91,
      92,    34,     0,    35,    36,    37,    38,    39,    40,     0,
       0,     0,     0,    41,    42,    43,    44,    45,    46,    47,
       0,     0,     0,     0,     0,     0,     0,    48,     0,     0,
       0,     0,     0,     0,     0,     0,     0,     0,     0,    49,
      50,    51,     0,     0,     0,     0,     0,     0,    52,    53,
      79,     0,    54,    93,    55,    56,     0,     0,    77,   498,
      16,     0,    17,    18,    19,    20,    21,     0,     0,    22,
      23,    24,    25,    26,     0,    27,    28,    29,    30,    31,
      32,    80,    98,    81,    82,    33,    83,    84,    85,    86,
      87,    88,     0,     0,     0,    89,    90,    91,    92,    34,
       0,    35,    36,    37,    38,    39,    40,     0,     0,     0,
       0,    41,    42,    43,    44,    45,    46,    47,     0,     0,
       0,     0,     0,     0,     0,    48,     0,     0,     0,     0,
       0,     0,     0,     0,     0,     0,     0,    49,    50,    51,
       0,     0,     0,     0,     0,     0,    52,    53,    79,     0,
      54,    93,    55,    56,     0,     0,    77,     0,    16,     0,
      17,    18,    19,    20,    21,     0,     0,    22,    23,    24,
      25,    26,     0,    27,    28,    29,    30,    31,    32,    80,
      98,    81,    82,    33,    83,    84,    85,    86,    87,    88,
       0,     0,     0,    89,    90,    91,    92,    34,     0,    35,
      36,    37,    38,    39,    40,     0,     0,     0,     0,    41,
      42,    43,    44,    45,    46,    47,     0,     0,   506,     0,
       0,     0,     0,    48,     0,     0,     0,     0,     0,     0,
       0,     0,     0,     0,     0,    49,    50,    51,     0,     0,
       0,     0,     0,     0,    52,    53,    79,     0,    54,    93,
      55,    56,     0,     0,    77,     0,    16,     0,    17,    18,
      19,    20,    21,     0,     0,    22,    23,    24,    25,    26,
       0,    27,    28,    29,    30,    31,    32,    80,    98,    81,
      82,    33,    83,    84,    85,    86,    87,    88,     0,     0,
       0,    89,    90,    91,    92,    34,     0,    35,    36,    37,
      38,    39,    40,     0,     0,     0,     0,    41,    42,    43,
      44,    45,    46,    47,     0,     0,     0,     0,     0,     0,
       0,    48,     0,     0,     0,     0,     0,     0,     0,     0,
       0,     0,     0,    49,    50,    51,     0,     0,     0,     0,
       0,     0,    52,    53,    79,     0,    54,    93,    55,    56,
       0,     0,    77,     0,    16,     0,    17,    18,    19,    20,
      21,     0,     0,    22,    23,    24,    25,    26,     0,    27,
      28,    29,    30,    31,    32,    80,     0,    81,    82,    33,
      83,    84,    85,    86,    87,    88,     0,     0,     0,    89,
      90,    91,    92,    34,     0,    35,    36,    37,    38,    39,
      40,     0,     0,     0,     0,    41,    42,    43,    44,    45,
      46,    47,     0,     0,     0,     0,     0,     0,     0,    48,
       0,     0,     0,     0,     0,     0,     0,     0,     0,     0,
       0,    49,    50,    51,     0,     0,     0,     0,    79,     0,
      52,    53,     0,     0,    54,    93,    55,    56,    16,     0,
      17,    18,    19,    20,    21,     0,     0,    22,    23,    24,
      25,    26,     0,    27,    28,    29,    30,    31,    32,     0,
       0,     0,     0,    33,     0,     0,  -250,     0,     0,     0,
       0,     0,     0,   167,   168,   169,   170,    34,     0,    35,
      36,    37,    38,    39,    40,     0,     0,     0,     0,    41,
      42,    43,    44,    45,    46,    47,   173,   174,   175,   176,
     177,   178,   179,    48,     0,     0,     0,   180,   181,   182,
     183,   184,     0,     0,   185,    49,    50,    51,     0,     0,
       0,     0,    79,     0,    52,    53,     0,     0,    54,   -74,
      55,    56,    16,     0,    17,    18,    19,    20,    21,     0,
       0,    22,    23,    24,    25,    26,     0,    27,    28,    29,
      30,    31,    32,     0,     0,     0,     0,    33,     0,     0,
       0,     0,     0,     0,     0,   167,   168,   169,   170,     0,
       0,    34,     0,    35,    36,    37,    38,    39,    40,     0,
       0,     0,     0,    41,    42,    43,    44,    45,    46,    47,
     175,   176,   177,   178,   179,     0,     0,    48,     0,   180,
     181,   182,   183,   184,     0,     0,   185,     0,     0,    49,
      50,    51,     0,     0,     0,     0,     0,     0,    52,    53,
       0,   -74,    54,     0,    55,    56,    77,     0,    16,     0,
      17,    18,    19,    20,    21,     0,     0,   129,    23,    24,
      25,    26,   109,    27,    28,    29,    30,    31,    32,     0,
       0,     0,     0,    33,     0,     0,     0,     0,     0,     0,
     167,   168,   169,   170,     0,     0,     0,    34,     0,    35,
      36,    37,    38,    39,    40,     0,     0,     0,     0,    41,
      42,    43,    44,    45,    46,    47,   176,   177,   178,   179,
       0,     0,     0,    48,   180,   181,   182,   183,   184,     0,
       0,   185,     0,     0,     0,    49,    50,    51,     0,     0,
       0,     0,     0,     0,    52,    53,     0,     0,    54,     0,
      55,    56,    77,     0,    16,     0,    17,    18,    19,    20,
      21,     0,     0,    22,    23,    24,    25,    26,     0,    27,
      28,    29,    30,    31,    32,     0,     0,     0,     0,    33,
       0,     0,     0,     0,     0,     0,   167,   168,   169,   170,
       0,     0,     0,    34,     0,    35,    36,    37,    38,    39,
      40,     0,     0,     0,     0,    41,    42,    43,    44,    45,
      46,    47,     0,   177,   178,   179,     0,     0,     0,    48,
     180,   181,   182,   183,   184,     0,     0,   185,     0,     0,
       0,    49,    50,    51,     0,     0,     0,     0,     0,     0,
      52,    53,     0,     0,    54,     0,    55,    56,    16,   104,
      17,    18,    19,    20,    21,     0,     0,    22,    23,    24,
      25,    26,     0,    27,    28,    29,    30,    31,    32,     0,
       0,     0,     0,    33,     0,     0,     0,     0,     0,     0,
     167,   168,   169,   170,     0,     0,     0,    34,     0,    35,
      36,    37,    38,    39,    40,     0,     0,     0,     0,    41,
      42,    43,    44,    45,    46,    47,     0,     0,   178,   179,
       0,     0,     0,    48,   180,   181,   182,   183,   184,     0,
       0,   185,     0,     0,     0,    49,    50,    51,     0,     0,
       0,     0,     0,     0,    52,    53,     0,     0,    54,     0,
      55,    56,    16,     0,    17,    18,    19,    20,    21,     0,
       0,    22,    23,    24,    25,    26,     0,    27,    28,    29,
      30,    31,    32,     0,     0,     0,     0,    33,     0,     0,
       0,     0,     0,     0,     0,     0,     0,     0,     0,     0,
       0,    34,     0,    35,    36,    37,    38,    39,    40,     0,
       0,     0,     0,    41,    42,    43,    44,    45,    46,    47,
       0,     0,     0,     0,     0,     0,     0,    48,     0,     0,
       0,     0,     0,     0,     0,     0,     0,     0,     0,    49,
      50,    51,     0,     0,     0,     0,     0,     0,    52,    53,
       0,     0,    54,   137,    55,    56,    16,     0,    17,    18,
      19,    20,    21,     0,     0,    22,    23,    24,    25,    26,
       0,    27,    28,    29,    30,    31,    32,     0,     0,     0,
       0,    33,     0,     0,     0,     0,     0,     0,     0,     0,
       0,     0,     0,     0,     0,    34,     0,    35,    36,    37,
      38,    39,    40,     0,     0,     0,     0,    41,    42,    43,
      44,    45,    46,    47,     0,     0,     0,     0,     0,     0,
       0,    48,     0,     0,     0,     0,     0,     0,     0,     0,
       0,     0,     0,    49,    50,    51,     0,     0,     0,     0,
       0,     0,    52,    53,     0,   155,    54,     0,    55,    56,
      16,     0,    17,    18,    19,    20,    21,     0,     0,    22,
      23,    24,    25,    26,     0,    27,    28,    29,    30,    31,
      32,     0,     0,     0,     0,    33,     0,     0,     0,     0,
       0,     0,     0,     0,     0,     0,     0,     0,     0,    34,
       0,    35,    36,    37,    38,    39,    40,     0,     0,     0,
       0,    41,    42,    43,    44,    45,    46,    47,     0,     0,
       0,     0,     0,     0,     0,    48,     0,     0,     0,     0,
       0,     0,     0,     0,     0,     0,     0,    49,    50,    51,
       0,     0,     0,     0,     0,     0,    52,    53,     0,   233,
      54,     0,    55,    56,    16,     0,    17,    18,    19,    20,
      21,     0,     0,    22,    23,    24,    25,    26,     0,    27,
      28,    29,    30,    31,    32,     0,     0,     0,     0,    33,
       0,     0,     0,     0,     0,     0,     0,     0,     0,     0,
       0,     0,     0,    34,     0,    35,    36,    37,    38,    39,
      40,     0,     0,     0,     0,    41,    42,    43,    44,    45,
      46,    47,     0,     0,     0,     0,     0,     0,     0,    48,
       0,     0,     0,     0,     0,     0,     0,     0,     0,     0,
       0,    49,    50,    51,     0,     0,     0,     0,     0,     0,
      52,    53,     0,   241,    54,     0,    55,    56,    16,     0,
      17,    18,    19,    20,    21,     0,     0,    22,    23,    24,
      25,    26,     0,    27,    28,    29,    30,    31,    32,     0,
       0,     0,     0,    33,     0,     0,     0,     0,     0,     0,
       0,     0,     0,     0,     0,     0,     0,    34,     0,    35,
      36,    37,    38,    39,    40,     0,     0,     0,     0,    41,
      42,    43,    44,    45,    46,    47,     0,     0,     0,     0,
       0,     0,     0,    48,     0,     0,     0,     0,     0,     0,
       0,     0,     0,     0,     0,    49,    50,    51,     0,     0,
       0,     0,     0,     0,    52,    53,     0,   253,    54,     0,
      55,    56,    16,     0,    17,    18,    19,    20,    21,     0,
       0,    22,    23,    24,    25,    26,     0,    27,    28,    29,
      30,    31,    32,     0,     0,     0,     0,    33,     0,     0,
       0,     0,     0,     0,     0,     0,     0,     0,     0,     0,
       0,    34,     0,    35,    36,    37,    38,    39,    40,     0,
       0,     0,     0,    41,    42,    43,    44,    45,    46,    47,
       0,     0,     0,     0,     0,     0,     0,    48,     0,     0,
       0,     0,     0,     0,     0,     0,     0,     0,     0,    49,
      50,    51,     0,     0,     0,     0,     0,     0,    52,    53,
       0,   282,    54,     0,    55,    56,    16,     0,    17,    18,
      19,    20,    21,     0,     0,    22,    23,    24,    25,    26,
       0,    27,    28,    29,    30,    31,    32,     0,     0,     0,
       0,    33,     0,     0,     0,     0,     0,     0,     0,     0,
       0,     0,     0,     0,     0,    34,     0,    35,    36,    37,
      38,    39,    40,     0,     0,     0,     0,    41,    42,    43,
      44,    45,    46,    47,     0,     0,     0,     0,     0,     0,
       0,    48,     0,     0,     0,     0,     0,     0,     0,     0,
       0,     0,     0,    49,    50,    51,     0,     0,     0,     0,
       0,     0,    52,    53,     0,   347,    54,     0,    55,    56,
      16,     0,    17,    18,    19,    20,    21,     0,     0,    22,
      23,    24,    25,    26,     0,    27,    28,    29,    30,    31,
      32,     0,     0,     0,     0,    33,     0,     0,     0,     0,
       0,     0,     0,     0,     0,     0,     0,     0,     0,    34,
       0,    35,    36,    37,    38,    39,    40,     0,     0,     0,
       0,    41,    42,    43,    44,    45,    46,    47,     0,     0,
     441,     0,     0,     0,   445,    48,     0,   448,   449,     0,
       0,     0,     0,     0,     0,     0,     0,    49,    50,    51,
       0,   458,   459,     0,     0,     0,    52,    53,     0,   166,
      54,   470,    55,    56,     0,     0,   167,   168,   169,   170,
       0,     0,     0,     0,     0,   478,     0,     0,     0,   480,
       0,   482,     0,     0,     0,     0,   171,   172,   340,   173,
     174,   175,   176,   177,   178,   179,     0,     0,     0,     0,
     180,   181,   182,   183,   184,     0,   500,   185,   166,     0,
       0,     0,     0,   503,     0,   167,   168,   169,   170,     0,
       0,     0,   509,     0,     0,     0,     0,     0,     0,     0,
       0,     0,     0,     0,     0,   171,   172,     0,   173,   174,
     175,   176,   177,   178,   179,     0,     0,     0,     0,   180,
     181,   182,   183,   184,   166,     0,   185,     0,     0,     0,
       0,   167,   168,   169,   170,     0,     0,     0,     0,     0,
       0,     0,     0,     0,     0,     0,     0,     0,     0,     0,
       0,     0,   172,     0,   173,   174,   175,   176,   177,   178,
     179,     0,     0,     0,     0,   180,   181,   182,   183,   184,
       0,     0,   185
};

#define yypact_value_is_default(yystate) \
  ((yystate) == (-398))

#define yytable_value_is_error(yytable_value) \
  ((yytable_value) == (-250))

static const yytype_int16 yycheck[] =
{
      15,   309,     9,    46,     9,    40,    46,   126,   115,   326,
       9,    16,    23,    48,    10,     9,     9,   414,    11,   309,
      11,   311,   312,    19,    20,    21,    20,    23,    24,     0,
       9,    25,    11,    23,   141,    19,    20,    21,    43,    23,
      24,    77,     9,    39,    40,    41,    42,    15,    16,    54,
      20,    15,    16,    20,   441,    25,    40,    41,    25,    55,
      56,    43,    44,    19,    20,    21,     9,    23,    24,   105,
     101,     9,    56,    11,    15,    16,    17,    15,    16,    17,
     115,   101,    12,    21,    40,    41,    12,    11,   101,    12,
      46,   102,   409,   101,   384,   102,    92,   494,   133,    55,
      56,    77,     9,   102,    11,   224,   141,    98,   101,   103,
     104,   101,    12,   118,   101,     9,   503,   434,     9,    20,
     125,   126,   102,   101,    62,   121,    67,   417,   101,   419,
     126,    45,   101,    89,    12,   103,   103,   101,   143,   103,
      12,   101,   126,    73,    74,    75,   101,    73,    74,    75,
      73,    74,    75,   101,   159,   160,   161,   101,   163,   164,
     165,   204,   103,   101,   204,   103,   104,    73,    74,    75,
     126,    67,    12,    73,    74,    75,   466,    10,   100,   194,
      12,   186,   187,   188,   189,   190,   191,   192,   193,   479,
     225,    12,   101,   501,    90,    73,    74,    75,    73,    74,
      75,    73,    74,    75,     9,   101,    11,   103,   213,   214,
     215,   216,   217,   218,   210,   100,     9,   324,    11,   224,
      69,    39,    40,    41,    42,    11,    77,   102,    46,   185,
      48,   236,   351,    73,    74,    75,    73,    74,    75,    20,
     245,    73,    74,    75,    20,    17,    18,   101,   204,    73,
      74,    75,    73,    74,    75,    73,    74,    75,    30,    73,
      74,    75,    34,   100,    60,   270,   271,    39,    69,   100,
      42,   122,   277,    45,   101,    47,   100,    49,    50,    51,
      52,    53,   278,    73,    74,    75,    10,    23,   102,   324,
      75,    87,   297,   298,   299,   300,    92,    93,    94,    95,
      96,    11,   104,    99,   309,   412,   311,   312,    39,    40,
      41,    42,   102,   104,     9,    46,    11,    48,    73,    74,
      75,   298,   278,   300,    73,    74,    75,   104,    60,    61,
     104,   336,   328,   104,   377,   101,    18,   377,   101,    60,
      61,    20,    73,    74,    75,   301,   351,   102,   199,   200,
     201,   202,   203,   102,   205,    87,   207,   208,   103,   101,
      92,    93,    94,    95,    96,    86,    87,    99,    23,   100,
     100,    92,    93,    94,    95,    96,    10,   412,    99,   384,
      10,    10,    10,   388,    73,    74,    75,    10,    23,    58,
     162,    60,    61,   100,   166,   167,   168,   169,   170,   171,
     172,   173,   174,   175,   176,   177,   178,   179,    20,   181,
     100,   100,   417,   428,   419,   445,   100,    86,    87,   100,
     435,   377,   100,    92,    93,    94,    95,    96,   458,   459,
      99,    73,    74,    75,    73,    74,    75,   433,   101,   100,
     470,   446,   102,   100,   100,   460,    73,    74,    75,   100,
     480,   302,   482,    58,    59,    60,    61,     0,   473,   310,
     102,   466,     9,   102,    10,   102,     9,   100,    11,    12,
     500,     9,    71,   100,   479,    73,    74,    75,   100,   100,
     495,    86,    87,   102,    73,    74,    75,    92,    93,    94,
      95,    96,   101,   100,    99,     9,    39,    40,    41,    42,
     101,    70,   100,    46,    19,    48,   102,   100,    51,   100,
     361,   100,   100,   364,   365,    58,    59,    60,    61,    73,
      74,    75,    92,    93,    94,    95,    96,   378,    12,    99,
      73,    74,    75,     0,    77,    78,    79,    80,    81,    82,
      83,    84,    85,    86,    87,    12,   100,    98,   446,    92,
      93,    94,    95,    96,   501,   196,    99,   100,    87,   102,
      33,    82,   105,    92,    93,    94,    95,    96,   340,   363,
      99,   410,    39,    40,    41,    42,    -1,   377,   204,    46,
      -1,    48,    -1,    -1,    51,     3,     4,     5,     6,     7,
       8,    58,    59,    60,    61,    94,    95,    96,    -1,    -1,
      99,    -1,    -1,    -1,    -1,    -1,    73,    74,    75,    -1,
      77,    78,    79,    80,    81,    82,    83,    84,    85,    86,
      87,    -1,    -1,    -1,    -1,    92,    93,    94,    95,    96,
       0,     1,    99,   100,    -1,   102,    -1,    -1,   105,     9,
      -1,    11,    -1,    13,    14,    15,    16,    17,    -1,    -1,
      20,    21,    22,    23,    24,    -1,    26,    27,    28,    29,
      30,    31,    32,    33,    34,    35,    36,    37,    38,    39,
      40,    41,    42,    -1,    -1,    -1,    46,    47,    48,    49,
      50,    -1,    52,    53,    54,    55,    56,    57,    -1,    -1,
      -1,    -1,    62,    63,    64,    65,    66,    67,    68,    -1,
      -1,    -1,    -1,    -1,    -1,    -1,    76,    -1,    -1,    -1,
      -1,    -1,    -1,    -1,    -1,    -1,    -1,    -1,    88,    89,
      90,    -1,    -1,    -1,    -1,    -1,    -1,    97,    98,     0,
       1,   101,   102,   103,   104,    -1,    -1,    -1,     9,    -1,
      11,    -1,    13,    14,    15,    16,    17,    -1,    -1,    20,
      21,    22,    23,    24,    -1,    26,    27,    28,    29,    30,
      31,    32,    33,    34,    35,    36,    37,    38,    39,    40,
      41,    42,    -1,    -1,    -1,    46,    47,    48,    49,    50,
      -1,    52,    53,    54,    55,    56,    57,    -1,    -1,    -1,
      -1,    62,    63,    64,    65,    66,    67,    68,    -1,    -1,
      -1,    -1,    -1,    -1,    -1,    76,    -1,    -1,    -1,    -1,
      -1,    -1,    -1,    -1,    -1,    -1,    -1,    88,    89,    90,
      -1,    -1,    -1,    -1,    -1,    -1,    97,    98,     1,    -1,
     101,   102,   103,   104,    -1,    -1,     9,    10,    11,    -1,
      13,    14,    15,    16,    17,    -1,    -1,    20,    21,    22,
      23,    24,    -1,    26,    27,    28,    29,    30,    31,    32,
      33,    34,    35,    36,    37,    38,    39,    40,    41,    42,
      -1,    -1,    -1,    46,    47,    48,    49,    50,    -1,    52,
      53,    54,    55,    56,    57,    -1,    -1,    -1,    -1,    62,
      63,    64,    65,    66,    67,    68,    -1,    -1,    -1,    -1,
      -1,    -1,    -1,    76,    -1,    -1,    -1,    -1,    -1,    -1,
      -1,    -1,    -1,    -1,    -1,    88,    89,    90,    -1,    -1,
      -1,    -1,    -1,    -1,    97,    98,     1,    -1,   101,   102,
     103,   104,    -1,    -1,     9,    10,    11,    -1,    13,    14,
      15,    16,    17,    -1,    -1,    20,    21,    22,    23,    24,
      -1,    26,    27,    28,    29,    30,    31,    32,    33,    34,
      35,    36,    37,    38,    39,    40,    41,    42,    -1,    -1,
      -1,    46,    47,    48,    49,    50,    -1,    52,    53,    54,
      55,    56,    57,    -1,    -1,    -1,    -1,    62,    63,    64,
      65,    66,    67,    68,    -1,    -1,    -1,    -1,    -1,    -1,
      -1,    76,    -1,    -1,    -1,    -1,    -1,    -1,    -1,    -1,
      -1,    -1,    -1,    88,    89,    90,    -1,    -1,    -1,    -1,
      -1,    -1,    97,    98,     1,    -1,   101,   102,   103,   104,
      -1,    -1,     9,    10,    11,    -1,    13,    14,    15,    16,
      17,    -1,    -1,    20,    21,    22,    23,    24,    -1,    26,
      27,    28,    29,    30,    31,    32,    33,    34,    35,    36,
      37,    38,    39,    40,    41,    42,    -1,    -1,    -1,    46,
      47,    48,    49,    50,    -1,    52,    53,    54,    55,    56,
      57,    -1,    -1,    -1,    -1,    62,    63,    64,    65,    66,
      67,    68,    -1,    -1,    -1,    -1,    -1,    -1,    -1,    76,
      -1,    -1,    -1,    -1,    -1,    -1,    -1,    -1,    -1,    -1,
      -1,    88,    89,    90,    -1,    -1,    -1,    -1,    -1,    -1,
      97,    98,     1,    -1,   101,   102,   103,   104,    -1,    -1,
       9,    10,    11,    -1,    13,    14,    15,    16,    17,    -1,
      -1,    20,    21,    22,    23,    24,    -1,    26,    27,    28,
      29,    30,    31,    32,    33,    34,    35,    36,    37,    38,
      39,    40,    41,    42,    -1,    -1,    -1,    46,    47,    48,
      49,    50,    -1,    52,    53,    54,    55,    56,    57,    -1,
      -1,    -1,    -1,    62,    63,    64,    65,    66,    67,    68,
      -1,    -1,    -1,    -1,    -1,    -1,    -1,    76,    -1,    -1,
      -1,    -1,    -1,    -1,    -1,    -1,    -1,    -1,    -1,    88,
      89,    90,    -1,    -1,    -1,    -1,    -1,    -1,    97,    98,
       1,    -1,   101,   102,   103,   104,    -1,    -1,     9,    10,
      11,    -1,    13,    14,    15,    16,    17,    -1,    -1,    20,
      21,    22,    23,    24,    -1,    26,    27,    28,    29,    30,
      31,    32,    33,    34,    35,    36,    37,    38,    39,    40,
      41,    42,    -1,    -1,    -1,    46,    47,    48,    49,    50,
      -1,    52,    53,    54,    55,    56,    57,    -1,    -1,    -1,
      -1,    62,    63,    64,    65,    66,    67,    68,    -1,    -1,
      -1,    -1,    -1,    -1,    -1,    76,    -1,    -1,    -1,    -1,
      -1,    -1,    -1,    -1,    -1,    -1,    -1,    88,    89,    90,
      -1,    -1,    -1,    -1,    -1,    -1,    97,    98,     1,    -1,
     101,   102,   103,   104,    -1,    -1,     9,    -1,    11,    -1,
      13,    14,    15,    16,    17,    -1,    -1,    20,    21,    22,
      23,    24,    -1,    26,    27,    28,    29,    30,    31,    32,
      33,    34,    35,    36,    37,    38,    39,    40,    41,    42,
      -1,    -1,    -1,    46,    47,    48,    49,    50,    -1,    52,
      53,    54,    55,    56,    57,    -1,    -1,    -1,    -1,    62,
      63,    64,    65,    66,    67,    68,    -1,    -1,    71,    -1,
      -1,    -1,    -1,    76,    -1,    -1,    -1,    -1,    -1,    -1,
      -1,    -1,    -1,    -1,    -1,    88,    89,    90,    -1,    -1,
      -1,    -1,    -1,    -1,    97,    98,     1,    -1,   101,   102,
     103,   104,    -1,    -1,     9,    -1,    11,    -1,    13,    14,
      15,    16,    17,    -1,    -1,    20,    21,    22,    23,    24,
      -1,    26,    27,    28,    29,    30,    31,    32,    33,    34,
      35,    36,    37,    38,    39,    40,    41,    42,    -1,    -1,
      -1,    46,    47,    48,    49,    50,    -1,    52,    53,    54,
      55,    56,    57,    -1,    -1,    -1,    -1,    62,    63,    64,
      65,    66,    67,    68,    -1,    -1,    -1,    -1,    -1,    -1,
      -1,    76,    -1,    -1,    -1,    -1,    -1,    -1,    -1,    -1,
      -1,    -1,    -1,    88,    89,    90,    -1,    -1,    -1,    -1,
      -1,    -1,    97,    98,     1,    -1,   101,   102,   103,   104,
      -1,    -1,     9,    -1,    11,    -1,    13,    14,    15,    16,
      17,    -1,    -1,    20,    21,    22,    23,    24,    -1,    26,
      27,    28,    29,    30,    31,    32,    -1,    34,    35,    36,
      37,    38,    39,    40,    41,    42,    -1,    -1,    -1,    46,
      47,    48,    49,    50,    -1,    52,    53,    54,    55,    56,
      57,    -1,    -1,    -1,    -1,    62,    63,    64,    65,    66,
      67,    68,    -1,    -1,    -1,    -1,    -1,    -1,    -1,    76,
      -1,    -1,    -1,    -1,    -1,    -1,    -1,    -1,    -1,    -1,
      -1,    88,    89,    90,    -1,    -1,    -1,    -1,     1,    -1,
      97,    98,    -1,    -1,   101,   102,   103,   104,    11,    -1,
      13,    14,    15,    16,    17,    -1,    -1,    20,    21,    22,
      23,    24,    -1,    26,    27,    28,    29,    30,    31,    -1,
      -1,    -1,    -1,    36,    -1,    -1,    51,    -1,    -1,    -1,
      -1,    -1,    -1,    58,    59,    60,    61,    50,    -1,    52,
      53,    54,    55,    56,    57,    -1,    -1,    -1,    -1,    62,
      63,    64,    65,    66,    67,    68,    81,    82,    83,    84,
      85,    86,    87,    76,    -1,    -1,    -1,    92,    93,    94,
      95,    96,    -1,    -1,    99,    88,    89,    90,    -1,    -1,
      -1,    -1,     1,    -1,    97,    98,    -1,    -1,   101,   102,
     103,   104,    11,    -1,    13,    14,    15,    16,    17,    -1,
      -1,    20,    21,    22,    23,    24,    -1,    26,    27,    28,
      29,    30,    31,    -1,    -1,    -1,    -1,    36,    -1,    -1,
      -1,    -1,    -1,    -1,    -1,    58,    59,    60,    61,    -1,
      -1,    50,    -1,    52,    53,    54,    55,    56,    57,    -1,
      -1,    -1,    -1,    62,    63,    64,    65,    66,    67,    68,
      83,    84,    85,    86,    87,    -1,    -1,    76,    -1,    92,
      93,    94,    95,    96,    -1,    -1,    99,    -1,    -1,    88,
      89,    90,    -1,    -1,    -1,    -1,    -1,    -1,    97,    98,
      -1,   100,   101,    -1,   103,   104,     9,    -1,    11,    -1,
      13,    14,    15,    16,    17,    -1,    -1,    20,    21,    22,
      23,    24,    25,    26,    27,    28,    29,    30,    31,    -1,
      -1,    -1,    -1,    36,    -1,    -1,    -1,    -1,    -1,    -1,
      58,    59,    60,    61,    -1,    -1,    -1,    50,    -1,    52,
      53,    54,    55,    56,    57,    -1,    -1,    -1,    -1,    62,
      63,    64,    65,    66,    67,    68,    84,    85,    86,    87,
      -1,    -1,    -1,    76,    92,    93,    94,    95,    96,    -1,
      -1,    99,    -1,    -1,    -1,    88,    89,    90,    -1,    -1,
      -1,    -1,    -1,    -1,    97,    98,    -1,    -1,   101,    -1,
     103,   104,     9,    -1,    11,    -1,    13,    14,    15,    16,
      17,    -1,    -1,    20,    21,    22,    23,    24,    -1,    26,
      27,    28,    29,    30,    31,    -1,    -1,    -1,    -1,    36,
      -1,    -1,    -1,    -1,    -1,    -1,    58,    59,    60,    61,
      -1,    -1,    -1,    50,    -1,    52,    53,    54,    55,    56,
      57,    -1,    -1,    -1,    -1,    62,    63,    64,    65,    66,
      67,    68,    -1,    85,    86,    87,    -1,    -1,    -1,    76,
      92,    93,    94,    95,    96,    -1,    -1,    99,    -1,    -1,
      -1,    88,    89,    90,    -1,    -1,    -1,    -1,    -1,    -1,
      97,    98,    -1,    -1,   101,    -1,   103,   104,    11,    12,
      13,    14,    15,    16,    17,    -1,    -1,    20,    21,    22,
      23,    24,    -1,    26,    27,    28,    29,    30,    31,    -1,
      -1,    -1,    -1,    36,    -1,    -1,    -1,    -1,    -1,    -1,
      58,    59,    60,    61,    -1,    -1,    -1,    50,    -1,    52,
      53,    54,    55,    56,    57,    -1,    -1,    -1,    -1,    62,
      63,    64,    65,    66,    67,    68,    -1,    -1,    86,    87,
      -1,    -1,    -1,    76,    92,    93,    94,    95,    96,    -1,
      -1,    99,    -1,    -1,    -1,    88,    89,    90,    -1,    -1,
      -1,    -1,    -1,    -1,    97,    98,    -1,    -1,   101,    -1,
     103,   104,    11,    -1,    13,    14,    15,    16,    17,    -1,
      -1,    20,    21,    22,    23,    24,    -1,    26,    27,    28,
      29,    30,    31,    -1,    -1,    -1,    -1,    36,    -1,    -1,
      -1,    -1,    -1,    -1,    -1,    -1,    -1,    -1,    -1,    -1,
      -1,    50,    -1,    52,    53,    54,    55,    56,    57,    -1,
      -1,    -1,    -1,    62,    63,    64,    65,    66,    67,    68,
      -1,    -1,    -1,    -1,    -1,    -1,    -1,    76,    -1,    -1,
      -1,    -1,    -1,    -1,    -1,    -1,    -1,    -1,    -1,    88,
      89,    90,    -1,    -1,    -1,    -1,    -1,    -1,    97,    98,
      -1,    -1,   101,   102,   103,   104,    11,    -1,    13,    14,
      15,    16,    17,    -1,    -1,    20,    21,    22,    23,    24,
      -1,    26,    27,    28,    29,    30,    31,    -1,    -1,    -1,
      -1,    36,    -1,    -1,    -1,    -1,    -1,    -1,    -1,    -1,
      -1,    -1,    -1,    -1,    -1,    50,    -1,    52,    53,    54,
      55,    56,    57,    -1,    -1,    -1,    -1,    62,    63,    64,
      65,    66,    67,    68,    -1,    -1,    -1,    -1,    -1,    -1,
      -1,    76,    -1,    -1,    -1,    -1,    -1,    -1,    -1,    -1,
      -1,    -1,    -1,    88,    89,    90,    -1,    -1,    -1,    -1,
      -1,    -1,    97,    98,    -1,   100,   101,    -1,   103,   104,
      11,    -1,    13,    14,    15,    16,    17,    -1,    -1,    20,
      21,    22,    23,    24,    -1,    26,    27,    28,    29,    30,
      31,    -1,    -1,    -1,    -1,    36,    -1,    -1,    -1,    -1,
      -1,    -1,    -1,    -1,    -1,    -1,    -1,    -1,    -1,    50,
      -1,    52,    53,    54,    55,    56,    57,    -1,    -1,    -1,
      -1,    62,    63,    64,    65,    66,    67,    68,    -1,    -1,
      -1,    -1,    -1,    -1,    -1,    76,    -1,    -1,    -1,    -1,
      -1,    -1,    -1,    -1,    -1,    -1,    -1,    88,    89,    90,
      -1,    -1,    -1,    -1,    -1,    -1,    97,    98,    -1,   100,
     101,    -1,   103,   104,    11,    -1,    13,    14,    15,    16,
      17,    -1,    -1,    20,    21,    22,    23,    24,    -1,    26,
      27,    28,    29,    30,    31,    -1,    -1,    -1,    -1,    36,
      -1,    -1,    -1,    -1,    -1,    -1,    -1,    -1,    -1,    -1,
      -1,    -1,    -1,    50,    -1,    52,    53,    54,    55,    56,
      57,    -1,    -1,    -1,    -1,    62,    63,    64,    65,    66,
      67,    68,    -1,    -1,    -1,    -1,    -1,    -1,    -1,    76,
      -1,    -1,    -1,    -1,    -1,    -1,    -1,    -1,    -1,    -1,
      -1,    88,    89,    90,    -1,    -1,    -1,    -1,    -1,    -1,
      97,    98,    -1,   100,   101,    -1,   103,   104,    11,    -1,
      13,    14,    15,    16,    17,    -1,    -1,    20,    21,    22,
      23,    24,    -1,    26,    27,    28,    29,    30,    31,    -1,
      -1,    -1,    -1,    36,    -1,    -1,    -1,    -1,    -1,    -1,
      -1,    -1,    -1,    -1,    -1,    -1,    -1,    50,    -1,    52,
      53,    54,    55,    56,    57,    -1,    -1,    -1,    -1,    62,
      63,    64,    65,    66,    67,    68,    -1,    -1,    -1,    -1,
      -1,    -1,    -1,    76,    -1,    -1,    -1,    -1,    -1,    -1,
      -1,    -1,    -1,    -1,    -1,    88,    89,    90,    -1,    -1,
      -1,    -1,    -1,    -1,    97,    98,    -1,   100,   101,    -1,
     103,   104,    11,    -1,    13,    14,    15,    16,    17,    -1,
      -1,    20,    21,    22,    23,    24,    -1,    26,    27,    28,
      29,    30,    31,    -1,    -1,    -1,    -1,    36,    -1,    -1,
      -1,    -1,    -1,    -1,    -1,    -1,    -1,    -1,    -1,    -1,
      -1,    50,    -1,    52,    53,    54,    55,    56,    57,    -1,
      -1,    -1,    -1,    62,    63,    64,    65,    66,    67,    68,
      -1,    -1,    -1,    -1,    -1,    -1,    -1,    76,    -1,    -1,
      -1,    -1,    -1,    -1,    -1,    -1,    -1,    -1,    -1,    88,
      89,    90,    -1,    -1,    -1,    -1,    -1,    -1,    97,    98,
      -1,   100,   101,    -1,   103,   104,    11,    -1,    13,    14,
      15,    16,    17,    -1,    -1,    20,    21,    22,    23,    24,
      -1,    26,    27,    28,    29,    30,    31,    -1,    -1,    -1,
      -1,    36,    -1,    -1,    -1,    -1,    -1,    -1,    -1,    -1,
      -1,    -1,    -1,    -1,    -1,    50,    -1,    52,    53,    54,
      55,    56,    57,    -1,    -1,    -1,    -1,    62,    63,    64,
      65,    66,    67,    68,    -1,    -1,    -1,    -1,    -1,    -1,
      -1,    76,    -1,    -1,    -1,    -1,    -1,    -1,    -1,    -1,
      -1,    -1,    -1,    88,    89,    90,    -1,    -1,    -1,    -1,
      -1,    -1,    97,    98,    -1,   100,   101,    -1,   103,   104,
      11,    -1,    13,    14,    15,    16,    17,    -1,    -1,    20,
      21,    22,    23,    24,    -1,    26,    27,    28,    29,    30,
      31,    -1,    -1,    -1,    -1,    36,    -1,    -1,    -1,    -1,
      -1,    -1,    -1,    -1,    -1,    -1,    -1,    -1,    -1,    50,
      -1,    52,    53,    54,    55,    56,    57,    -1,    -1,    -1,
      -1,    62,    63,    64,    65,    66,    67,    68,    -1,    -1,
     416,    -1,    -1,    -1,   420,    76,    -1,   423,   424,    -1,
      -1,    -1,    -1,    -1,    -1,    -1,    -1,    88,    89,    90,
      -1,   437,   438,    -1,    -1,    -1,    97,    98,    -1,    51,
     101,   447,   103,   104,    -1,    -1,    58,    59,    60,    61,
      -1,    -1,    -1,    -1,    -1,   461,    -1,    -1,    -1,   465,
      -1,   467,    -1,    -1,    -1,    -1,    78,    79,    80,    81,
      82,    83,    84,    85,    86,    87,    -1,    -1,    -1,    -1,
      92,    93,    94,    95,    96,    -1,   492,    99,    51,    -1,
      -1,    -1,    -1,   499,    -1,    58,    59,    60,    61,    -1,
      -1,    -1,   508,    -1,    -1,    -1,    -1,    -1,    -1,    -1,
      -1,    -1,    -1,    -1,    -1,    78,    79,    -1,    81,    82,
      83,    84,    85,    86,    87,    -1,    -1,    -1,    -1,    92,
      93,    94,    95,    96,    51,    -1,    99,    -1,    -1,    -1,
      -1,    58,    59,    60,    61,    -1,    -1,    -1,    -1,    -1,
      -1,    -1,    -1,    -1,    -1,    -1,    -1,    -1,    -1,    -1,
      -1,    -1,    79,    -1,    81,    82,    83,    84,    85,    86,
      87,    -1,    -1,    -1,    -1,    92,    93,    94,    95,    96,
      -1,    -1,    99
};

/* YYSTOS[STATE-NUM] -- The (internal number of the) accessing
   symbol of state STATE-NUM.  */
static const yytype_uint8 yystos[] =
{
       0,     3,     4,     5,     6,     7,     8,   107,   108,   109,
     110,   111,   112,   113,     0,   116,    11,    13,    14,    15,
      16,    17,    20,    21,    22,    23,    24,    26,    27,    28,
      29,    30,    31,    36,    50,    52,    53,    54,    55,    56,
      57,    62,    63,    64,    65,    66,    67,    68,    76,    88,
      89,    90,    97,    98,   101,   103,   104,   154,   155,   156,
     159,   160,   161,   162,   163,   164,   166,   169,   174,   175,
     176,   177,   178,   179,   180,   181,   182,     9,   114,     1,
      32,    34,    35,    37,    38,    39,    40,    41,    42,    46,
      47,    48,    49,   102,   114,   123,   133,   154,    33,   121,
     122,   123,   119,   119,    12,   154,   164,   164,    20,    25,
     114,   175,   183,   183,   183,   183,   183,   165,    11,   101,
     164,   145,   145,   164,   101,   101,   101,   114,   164,    20,
     155,   168,   175,   183,   183,   114,   164,   102,   154,    20,
      25,   147,   164,   101,   167,   175,   176,   177,   164,   155,
     164,   164,   164,   164,   164,   100,   154,   183,   183,    73,
      74,    75,    77,     9,    11,   101,    51,    58,    59,    60,
      61,    78,    79,    81,    82,    83,    84,    85,    86,    87,
      92,    93,    94,    95,    96,    99,   101,     9,    11,     9,
      11,     9,    11,     9,   116,   146,   147,    20,   144,   101,
     101,   101,   101,    67,    90,   101,   175,   101,   101,   114,
      45,   135,   102,    39,    40,    41,    42,    46,    48,   122,
     123,   121,    12,   168,   101,   101,   154,   100,   114,    23,
     116,   148,   100,   100,   154,   169,   183,   155,    10,   102,
     168,   100,   154,    69,   150,    11,   100,   154,   154,   154,
     164,   154,   154,   100,   154,   164,   164,   164,   164,   164,
     164,   164,   164,   164,   164,   164,   164,   164,   164,   164,
       9,    11,    15,    16,    17,    21,    62,   101,   103,   104,
     158,   175,   100,   154,   154,   154,   154,   154,   154,   154,
     154,   119,    20,   143,   144,    20,   126,   116,   116,   116,
     116,   116,    67,   172,   173,   174,   175,   176,   177,   116,
     101,   116,   116,   114,   154,   139,   154,   154,   154,   154,
     154,   169,   155,    12,   157,   101,   151,    69,   149,   100,
     100,   154,    10,   100,    23,   154,    11,   102,    12,   100,
      80,   154,   154,   104,   104,   104,   104,   100,   154,   104,
     104,   101,   100,   102,    12,   102,    12,   102,    12,   102,
      10,    18,   115,   124,   125,     9,   102,    20,   138,   154,
     139,   140,   154,   139,   142,   171,   175,   116,   101,   133,
     137,   140,   141,   154,   116,   140,   140,   100,   105,   170,
     168,   152,   149,    23,   114,   100,    12,   154,    10,   164,
     102,    12,   100,   169,    10,    10,    10,    10,   116,   148,
     116,   116,    20,   100,   100,   100,   100,   101,   172,   116,
     100,   102,   140,   100,   100,   154,   100,   100,     9,    12,
      10,   100,   102,   149,   151,   130,   168,   136,   136,     9,
     117,   117,   140,   129,   140,   117,   127,   100,   117,   117,
     119,    71,   102,   114,   153,   149,   119,   102,   117,   117,
     118,    43,    44,   134,   134,   100,   101,   100,   135,   138,
     117,    10,   120,     9,    10,   135,   135,   119,   117,   101,
     117,   140,   117,   102,   135,    23,   102,   131,   119,    10,
     140,   135,   100,   135,   128,    70,   132,    19,    10,   100,
     117,   136,   119,   117,   135,   141,    71,   134,   100,   117
};

typedef enum {
	toketype_ival, toketype_opval, toketype_pval
} toketypes;

/* type of each token/terminal */
static const toketypes yy_type_tab[] =
{
  toketype_ival, toketype_ival, toketype_ival, toketype_ival, toketype_ival, toketype_ival,
  toketype_ival, toketype_ival, toketype_ival, toketype_ival, toketype_ival, toketype_ival,
  toketype_ival, toketype_ival, toketype_ival, toketype_ival, toketype_ival, toketype_ival, toketype_ival, toketype_ival, toketype_opval, toketype_opval,
  toketype_opval, toketype_opval, toketype_opval, toketype_opval, toketype_opval, toketype_opval,
  toketype_opval, toketype_opval, toketype_opval, toketype_opval, toketype_opval, toketype_pval,
  toketype_ival, toketype_ival, toketype_ival, toketype_ival, toketype_ival, toketype_ival, toketype_ival, toketype_ival,
  toketype_ival, toketype_ival, toketype_ival, toketype_ival, toketype_ival, toketype_ival, toketype_ival, toketype_ival,
  toketype_ival, toketype_ival, toketype_ival, toketype_ival, toketype_ival, toketype_ival, toketype_ival,
  toketype_ival, toketype_ival, toketype_ival, toketype_ival, toketype_ival, toketype_ival, toketype_ival,
  toketype_ival, toketype_ival, toketype_ival, toketype_ival, toketype_ival, toketype_ival,
  toketype_ival, toketype_ival, toketype_ival, toketype_ival, toketype_ival, toketype_ival,
  toketype_ival, toketype_ival, toketype_ival, toketype_ival, toketype_ival, toketype_ival, toketype_ival, toketype_ival,
  toketype_ival, toketype_ival, toketype_ival, toketype_ival, toketype_ival, toketype_ival, toketype_ival,
  toketype_ival, toketype_ival, toketype_ival, toketype_ival, toketype_ival, toketype_ival, toketype_ival,
  toketype_ival, toketype_ival, toketype_ival, toketype_ival, toketype_ival, toketype_ival, toketype_ival, toketype_ival, toketype_ival,
  toketype_ival, toketype_ival, toketype_ival, toketype_ival, toketype_ival, toketype_ival, toketype_ival, toketype_opval,
  toketype_opval, toketype_ival, toketype_opval, toketype_ival, toketype_opval, toketype_opval,
  toketype_opval, toketype_opval, toketype_opval, toketype_ival, toketype_ival, toketype_ival, toketype_ival,
  toketype_ival, toketype_ival, toketype_ival, toketype_opval, toketype_opval, toketype_opval, toketype_opval, toketype_opval,
  toketype_ival, toketype_opval, toketype_opval, toketype_opval, toketype_opval, toketype_opval, toketype_opval,
  toketype_opval, toketype_ival, toketype_ival, toketype_ival, toketype_opval,
  toketype_opval, toketype_opval, toketype_opval, toketype_opval, toketype_ival,
  toketype_opval, toketype_opval, toketype_opval, toketype_opval, toketype_ival, toketype_opval,
  toketype_opval, toketype_opval, toketype_opval, toketype_opval, toketype_opval, toketype_opval,
  toketype_ival, toketype_opval, toketype_opval, toketype_opval, toketype_opval, toketype_opval,
  toketype_opval, toketype_opval, toketype_opval, toketype_opval, toketype_opval, toketype_opval, toketype_opval,
  toketype_opval, toketype_opval, toketype_opval, toketype_opval, toketype_opval, toketype_opval
};

/* Generated from:
 * 5ccae88a8adc6cdc2cf12acc506b5cd5d5b705be06059b8e3413db104c2f9a4b perly.y
 * d1d4df7b8e30ac9dede664af9179e6e5e7ddc7f2ad9c4eff9e2e5b32c9e16a6e regen_perly.pl
 * ex: set ro: */
