/* ex: set ro ft=c: -*- buffer-read-only: t -*-
   !!!!!!!   DO NOT EDIT THIS FILE   !!!!!!!
   This file is built by regen_perly.pl from perly.y.
   Any changes made here will be lost!
 */

#define YYFINAL  14
/* YYLAST -- Last index in YYTABLE.  */
#define YYLAST   2968

/* YYNTOKENS -- Number of terminals.  */
#define YYNTOKENS  106
/* YYNNTS -- Number of nonterminals.  */
#define YYNNTS  80
/* YYNRULES -- Number of rules.  */
#define YYNRULES  258
/* YYNSTATES -- Number of states.  */
#define YYNSTATES  520

/* YYTRANSLATE[YYX] -- Symbol number corresponding to YYX as returned
   by yylex, with out-of-bounds checking.  */
#define YYUNDEFTOK  2
#define YYMAXUTOK   338

#define YYTRANSLATE(YYX)                                                \
  ((unsigned int) (YYX) <= YYMAXUTOK ? yytranslate[YYX] : YYUNDEFTOK)

/* YYTRANSLATE[TOKEN-NUM] -- Symbol number corresponding to TOKEN-NUM
   as returned by yylex, without out-of-bounds checking.  */
static const yytype_uint8 yytranslate[] =
{
       0,     2,     2,     2,     2,     2,     2,     2,     2,     2,
       2,     2,     2,     2,     2,     2,     2,     2,     2,     2,
       2,     2,     2,     2,     2,     2,     2,     2,     2,     2,
       2,     2,     2,    88,     2,     2,   103,    16,    17,     2,
     101,   100,   104,    14,    77,    13,    19,   105,     2,     2,
       2,     2,     2,     2,     2,     2,     2,     2,    80,   102,
       2,    18,     2,    79,    15,     2,     2,     2,     2,     2,
       2,     2,     2,     2,     2,     2,     2,     2,     2,     2,
       2,     2,     2,     2,     2,     2,     2,     2,     2,     2,
       2,    11,     2,    12,     2,     2,     2,     2,     2,     2,
       2,     2,     2,     2,     2,     2,     2,     2,     2,     2,
       2,     2,     2,     2,     2,     2,     2,     2,     2,     2,
       2,     2,     2,     9,     2,    10,    89,     2,     2,     2,
       2,     2,     2,     2,     2,     2,     2,     2,     2,     2,
       2,     2,     2,     2,     2,     2,     2,     2,     2,     2,
       2,     2,     2,     2,     2,     2,     2,     2,     2,     2,
       2,     2,     2,     2,     2,     2,     2,     2,     2,     2,
       2,     2,     2,     2,     2,     2,     2,     2,     2,     2,
       2,     2,     2,     2,     2,     2,     2,     2,     2,     2,
       2,     2,     2,     2,     2,     2,     2,     2,     2,     2,
       2,     2,     2,     2,     2,     2,     2,     2,     2,     2,
       2,     2,     2,     2,     2,     2,     2,     2,     2,     2,
       2,     2,     2,     2,     2,     2,     2,     2,     2,     2,
       2,     2,     2,     2,     2,     2,     2,     2,     2,     2,
       2,     2,     2,     2,     2,     2,     2,     2,     2,     2,
       2,     2,     2,     2,     2,     2,     1,     2,     3,     4,
       5,     6,     7,     8,    20,    21,    22,    23,    24,    25,
      26,    27,    28,    29,    30,    31,    32,    33,    34,    35,
      36,    37,    38,    39,    40,    41,    42,    43,    44,    45,
      46,    47,    48,    49,    50,    51,    52,    53,    54,    55,
      56,    57,    58,    59,    60,    61,    62,    63,    64,    65,
      66,    67,    68,    69,    70,    71,    72,    73,    74,    75,
      76,    78,    81,    82,    83,    84,    85,    86,    87,    90,
      91,    92,    93,    94,    95,    96,    97,    98,    99
};

#if YYDEBUG
  /* YYRLINE[YYN] -- Source line where rule number YYN was defined.  */
static const yytype_uint16 yyrline[] =
{
       0,   117,   117,   116,   127,   126,   136,   135,   148,   147,
     160,   159,   172,   171,   183,   191,   199,   203,   211,   217,
     218,   228,   229,   238,   242,   246,   250,   257,   259,   270,
     269,   303,   302,   346,   354,   353,   362,   368,   374,   385,
     387,   389,   396,   404,   406,   403,   423,   428,   435,   434,
     444,   452,   458,   465,   464,   479,   483,   491,   509,   510,
     515,   517,   519,   521,   523,   525,   527,   530,   536,   537,
     542,   553,   554,   560,   566,   567,   572,   575,   579,   584,
     588,   592,   593,   597,   603,   608,   613,   614,   619,   620,
     625,   626,   628,   633,   635,   641,   640,   659,   660,   664,
     666,   668,   670,   674,   676,   681,   685,   689,   693,   699,
     704,   710,   716,   718,   721,   720,   731,   732,   736,   740,
     743,   748,   753,   756,   760,   764,   767,   772,   776,   779,
     781,   783,   788,   790,   792,   797,   799,   801,   803,   805,
     807,   809,   811,   813,   815,   817,   822,   824,   827,   829,
     831,   834,   837,   848,   851,   854,   861,   863,   865,   867,
     869,   872,   891,   893,   897,   898,   899,   900,   901,   903,
     905,   907,   909,   911,   913,   915,   917,   919,   921,   923,
     925,   927,   937,   947,   957,   967,   969,   971,   974,   979,
     983,   985,   987,   989,   992,   994,   997,   999,  1001,  1003,
    1005,  1007,  1009,  1011,  1013,  1016,  1018,  1020,  1022,  1024,
    1026,  1030,  1033,  1032,  1045,  1046,  1047,  1052,  1056,  1058,
    1063,  1065,  1068,  1070,  1072,  1074,  1079,  1081,  1086,  1087,
    1092,  1093,  1097,  1100,  1099,  1107,  1111,  1112,  1113,  1116,
    1117,  1120,  1124,  1128,  1134,  1163,  1169,  1171,  1175,  1179,
    1180,  1184,  1185,  1189,  1190,  1195,  1197,  1199,  1202
};
#endif

#if YYDEBUG || YYERROR_VERBOSE || 0
/* YYTNAME[SYMBOL-NUM] -- String name of the symbol SYMBOL-NUM.
   First, the terminals, then, starting at YYNTOKENS, nonterminals.  */
static const char *const yytname[] =
{
  "$end", "error", "$undefined", "GRAMPROG", "GRAMEXPR", "GRAMBLOCK",
  "GRAMBARESTMT", "GRAMFULLSTMT", "GRAMSTMTSEQ", "'{'", "'}'", "'['",
  "']'", "'-'", "'+'", "'@'", "'%'", "'&'", "'='", "'.'", "WORD", "METHOD",
  "FUNCMETH", "THING", "PMFUNC", "PRIVATEREF", "QWLIST", "FUNC0OP",
  "FUNC0SUB", "UNIOPSUB", "LSTOPSUB", "PLUGEXPR", "PLUGSTMT", "LABEL",
  "FORMAT", "SUB", "ANONSUB", "PACKAGE", "USE", "WHILE", "UNTIL", "IF",
  "UNLESS", "ELSE", "ELSIF", "CONTINUE", "FOR", "GIVEN", "WHEN", "DEFAULT",
  "LOOPEX", "DOTDOT", "YADAYADA", "FUNC0", "FUNC1", "FUNC", "UNIOP",
  "LSTOP", "RELOP", "EQOP", "MULOP", "ADDOP", "DOLSHARP", "DO",
  "HASHBRACK", "NOAMP", "LOCAL", "MY", "REQUIRE", "COLONATTR",
  "FORMLBRACK", "FORMRBRACK", "PREC_LOW", "OROP", "DOROP", "ANDOP",
  "NOTOP", "','", "ASSIGNOP", "'?'", "':'", "OROR", "DORDOR", "ANDAND",
  "BITOROP", "BITANDOP", "SHIFTOP", "MATCHOP", "'!'", "'~'", "UMINUS",
  "REFGEN", "POWOP", "POWCOP", "PREINC", "PREDEC", "POSTINC", "POSTDEC",
  "POSTJOIN", "ARROW", "')'", "'('", "';'", "'$'", "'*'", "'/'", "$accept",
  "grammar", "$@1", "$@2", "$@3", "$@4", "$@5", "$@6", "block",
  "formblock", "remember", "mblock", "mremember", "stmtseq", "formstmtseq",
  "fullstmt", "labfullstmt", "barestmt", "$@7", "$@8", "$@9", "$@10",
  "$@11", "@12", "$@13", "formline", "formarg", "sideff", "else", "cont",
  "mintro", "nexpr", "texpr", "iexpr", "mexpr", "mnexpr", "formname",
  "startsub", "startanonsub", "startformsub", "subname", "proto",
  "subattrlist", "myattrlist", "subsignature", "@14", "optsubbody", "expr",
  "listexpr", "listop", "@15", "method", "subscripted", "termbinop",
  "termunop", "anonymous", "termdo", "term", "@16", "myattrterm", "myterm",
  "optlistexpr", "optexpr", "optrepl", "lpar_or_qw", "$@17", "my_scalar",
  "my_var", "refgen_topic", "amper", "scalar", "ary", "sizearydecl", "hsh",
  "arylen", "star", "sliceme", "kvslice", "gelem", "indirob", YY_NULLPTR
};
#endif

# ifdef YYPRINT
/* YYTOKNUM[NUM] -- (External) token number corresponding to the
   (internal) symbol number NUM (which must be that of a token).  */
static const yytype_uint16 yytoknum[] =
{
       0,   256,   257,   258,   259,   260,   261,   262,   263,   123,
     125,    91,    93,    45,    43,    64,    37,    38,    61,    46,
     264,   265,   266,   267,   268,   269,   270,   271,   272,   273,
     274,   275,   276,   277,   278,   279,   280,   281,   282,   283,
     284,   285,   286,   287,   288,   289,   290,   291,   292,   293,
     294,   295,   296,   297,   298,   299,   300,   301,   302,   303,
     304,   305,   306,   307,   308,   309,   310,   311,   312,   313,
     314,   315,   316,   317,   318,   319,   320,    44,   321,    63,
      58,   322,   323,   324,   325,   326,   327,   328,    33,   126,
     329,   330,   331,   332,   333,   334,   335,   336,   337,   338,
      41,    40,    59,    36,    42,    47
};
# endif

#define YYPACT_NINF -437

#define yypact_value_is_default(Yystate) \
  (!!((Yystate) == (-437)))

#define YYTABLE_NINF -254

#define yytable_value_is_error(Yytable_value) \
  (!!((Yytable_value) == (-254)))

  /* YYPACT[STATE-NUM] -- Index in YYTABLE of the portion describing
     STATE-NUM.  */
static const yytype_int16 yypact[] =
{
     578,  -437,  -437,  -437,  -437,  -437,  -437,    26,  -437,  2744,
      32,  1516,  1420,  -437,  -437,  -437,  1992,  2744,  2744,    13,
      13,    13,  -437,    13,    13,  -437,  -437,    35,   -49,  -437,
    2744,  -437,  -437,  -437,  2744,  -437,   -46,   -43,   -40,  1898,
    1802,    13,  1898,  2086,   129,  2744,    44,  2744,  2744,  2744,
    2744,  2744,  2744,  2744,  2180,    13,    13,    16,    -5,  -437,
      12,  -437,  -437,  -437,  -437,  2826,  -437,  -437,   -14,    90,
     114,   146,  -437,    74,   167,   225,    91,  -437,  -437,  -437,
    -437,  -437,   129,    94,  -437,    34,    40,    42,    57,    83,
      61,    71,    32,  -437,    70,  -437,    29,  2178,  1420,  -437,
    -437,  -437,   652,   748,  -437,   132,   633,   633,  -437,  -437,
    -437,  -437,  -437,  -437,  -437,  2744,    82,    88,  2744,    75,
     325,    32,    41,  2826,   102,  2274,  1802,  -437,   325,   549,
      -5,  -437,   473,  2744,  -437,  -437,   325,   202,    86,  -437,
    -437,  2744,   325,    15,  2368,   144,  -437,  -437,  -437,  -437,
     325,    -5,   633,   633,   633,   431,   431,   207,   314,  -437,
    -437,  2744,  2744,  2744,  2744,  2744,  2744,  2462,  2744,  2744,
    2744,  2744,  2744,  2744,  2744,  2744,  2744,  2744,  2744,  2744,
    2744,  2744,  2744,  -437,  -437,  -437,  -437,   272,  2556,  2744,
    2744,  2744,  2744,  2744,  2744,  2744,  -437,   206,  -437,   218,
    -437,  -437,  -437,  -437,  -437,  -437,  -437,    27,  -437,  -437,
      -6,  -437,  -437,  -437,    32,  -437,  -437,  2744,  2744,  2744,
    2744,  2744,  2744,  -437,  -437,  -437,  -437,  -437,  2744,  2744,
     136,  -437,  -437,  -437,   138,   172,  -437,  -437,   379,   127,
    2744,    -5,  -437,   243,  -437,   262,  -437,   392,   252,  -437,
    2744,   265,   204,   204,  -437,  2826,   106,   141,  -437,   423,
    1599,   519,  1977,   -18,   408,  2826,  2783,  1692,  1692,  1787,
    1883,  2071,   348,   633,   633,  2744,  2744,   178,   181,   188,
    -437,   196,  2650,    48,   198,   210,  -437,  -437,   435,   126,
     158,   197,   170,   257,   175,   266,   844,  -437,   285,   211,
       4,   299,  2744,  2744,  2744,  2744,   222,   221,  -437,  -437,
      -6,  -437,  -437,  -437,  -437,  1611,  2744,  -437,  -437,  2744,
    2744,  -437,    16,  -437,    16,    16,    16,    16,    16,   229,
     -38,  -437,  2744,  -437,   172,   310,    32,  -437,  -437,   443,
    -437,   312,  -437,  -437,   223,  2744,   326,  -437,  -437,  2744,
     304,   235,  -437,  -437,  -437,  -437,  -437,   463,  -437,  -437,
    2744,  -437,   328,  -437,   334,  -437,   336,  -437,   338,  -437,
    -437,  -437,   342,  -437,  -437,  -437,   329,   251,    16,   269,
     274,    16,   280,  -437,    -6,  -437,    21,  -437,  -437,  -437,
     255,   281,  2744,   282,   291,  -437,  2744,   292,  -437,   293,
     387,  -437,  -437,  -437,   388,  -437,   242,  -437,  2869,   389,
    -437,  -437,   302,  -437,  -437,  -437,  -437,   308,   172,   138,
    -437,  2744,  -437,  -437,   406,   406,  2744,  -437,  2744,  -437,
     406,   319,   406,   406,    16,  -437,  -437,  -437,  -437,  -437,
    -437,  -437,   349,     5,   172,  -437,   327,   406,   406,  -437,
      22,    22,   331,    -6,   332,  2744,    70,   406,  -437,  -437,
     940,  -437,  -437,  -437,  -437,   418,  1036,  -437,    70,    70,
    -437,   406,   337,  -437,  -437,   406,  2744,   406,   335,  -437,
      70,  -437,    -4,  -437,  -437,  -437,  -437,  1132,  -437,  2744,
      70,   339,    70,  -437,  -437,   372,   424,  -437,  1228,  -437,
     355,  -437,   406,  -437,  -437,  -437,  -437,  -437,  -437,   406,
      70,  1706,  1324,    22,  -437,   358,  -437,  -437,   406,  -437
};

  /* YYDEFACT[STATE-NUM] -- Default reduction number in state STATE-NUM.
     Performed when YYTABLE does not specify something else to do.  Zero
     means the default is an error.  */
static const yytype_uint16 yydefact[] =
{
       0,     2,     4,     6,     8,    10,    12,     0,    16,   228,
       0,     0,     0,    19,     1,    19,     0,     0,     0,     0,
       0,     0,   214,     0,     0,   185,   212,   173,   207,   209,
     203,    84,   217,    84,   195,   216,   205,     0,     0,   198,
     226,     0,     0,     0,     0,     0,     0,   201,     0,     0,
       0,     0,     0,     0,     0,     0,     0,   229,   102,   215,
     180,   164,   165,   166,   167,   105,   170,     5,   186,   175,
     178,   177,   179,   176,     0,     0,     0,    16,     7,    60,
      27,    85,     0,     0,    83,     0,     0,     0,     0,     0,
       0,     0,     0,    56,    71,     9,     0,    61,     0,    11,
      24,    23,     0,     0,   157,     0,   146,   147,   255,   258,
     257,   256,   243,   245,   241,   226,     0,     0,     0,     0,
     204,     0,    88,   196,     0,     0,   228,   199,   200,   255,
     227,   112,   256,     0,   246,   163,   162,     0,     0,    86,
      87,   226,   171,     0,     0,   219,   222,   225,   224,   223,
     202,   197,   148,   149,   169,   154,   155,   174,     0,   242,
     248,     0,     0,     0,   103,     0,     0,     0,     0,     0,
       0,     0,     0,     0,     0,     0,     0,     0,     0,     0,
       0,     0,     0,   153,   150,   151,   152,     0,     0,     0,
       0,     0,     0,     0,     0,     0,    19,    82,    83,     0,
      34,    16,    16,    16,    16,   233,    16,     0,    16,    16,
       0,    16,    16,    40,     0,    52,    55,     0,     0,     0,
       0,     0,     0,    26,    25,    20,   156,   110,   228,     0,
       0,   208,   114,    89,     0,    90,   206,   210,     0,     0,
       0,   106,   159,     0,   189,   258,   221,     0,    94,   218,
       0,   172,   100,   101,    99,   104,     0,     0,   128,     0,
     141,   137,   138,   134,   135,   132,     0,   143,   144,   142,
     140,   139,   136,   145,   133,     0,     0,   250,   252,     0,
     116,     0,     0,     0,   254,   109,   117,   187,     0,     0,
       0,     0,     0,     0,     0,     0,     0,    81,     0,    29,
       0,     0,    76,     0,     0,     0,     0,     0,    16,   239,
       0,   240,   236,   237,   238,     0,     0,   232,    16,     0,
       0,    72,    64,    65,    78,    62,    63,    66,    67,     0,
     230,   130,   226,    95,    90,    92,     0,   211,   113,     0,
     158,     0,   220,    93,     0,     0,     0,   121,   127,     0,
       0,     0,   191,   192,   193,   247,   125,     0,   190,   194,
     228,   188,     0,   119,     0,   181,     0,   182,     0,    14,
      16,    28,    88,    16,    16,    33,     0,     0,    77,     0,
       0,    79,     0,   234,     0,   235,     0,    16,    75,    80,
       0,     0,     0,     0,     0,   111,     0,     0,   115,     0,
       0,    91,   160,   107,     0,   131,     0,   124,   168,     0,
     120,   126,     0,   122,   183,   184,   118,     0,    90,     0,
      53,   226,    73,    73,     0,     0,     0,    48,     0,    43,
       0,     0,     0,     0,   231,   213,    96,    19,   244,   129,
     123,   108,     0,     0,    90,    19,     0,     0,     0,    18,
      68,    68,     0,     0,     0,    76,    71,     0,    38,    39,
       0,    21,    98,    97,    30,     0,     0,    35,    71,    71,
      19,     0,     0,    36,    37,     0,     0,     0,     0,    51,
      71,   161,     0,    19,    54,    41,    42,     0,    69,     0,
      71,     0,    71,    44,    47,    58,     0,    22,     0,    17,
       0,    46,     0,    50,    73,    19,    57,    15,    32,     0,
      71,     0,     0,    68,    49,     0,    59,    70,     0,    45
};

  /* YYPGOTO[NTERM-NUM].  */
static const yytype_int16 yypgoto[] =
{
    -437,  -437,  -437,  -437,  -437,  -437,  -437,  -437,   -10,  -437,
     152,  -105,  -437,   -11,  -437,   436,   351,    14,  -437,  -437,
    -437,  -437,  -437,  -437,  -437,  -437,  -437,  -308,  -436,   -85,
    -407,  -437,     6,   159,   -25,   -48,  -437,   271,   438,  -437,
     393,   104,  -322,  -437,    55,  -437,  -437,     2,   -31,  -437,
    -437,  -437,  -437,  -437,  -437,  -437,  -437,    87,  -437,  -437,
    -437,  -107,  -120,  -437,  -207,  -437,  -437,    95,  -437,   273,
      30,   -41,  -437,   -36,  -437,  -437,  -437,  -437,  -437,     7
};

  /* YYDEFGOTO[NTERM-NUM].  */
static const yytype_int16 yydefgoto[] =
{
      -1,     7,     8,     9,    10,    11,    12,    13,   110,   371,
      15,   450,   470,   102,   482,   225,   100,   101,   372,   373,
     301,   455,   504,   453,   445,   497,   506,    96,   473,   215,
     447,   389,   377,   323,   380,   390,   298,   200,   121,   197,
     141,   235,   336,   249,   334,   399,   464,    97,    58,    59,
     332,   285,    60,    61,    62,    63,    64,    65,   117,    66,
     145,   131,    67,   397,   209,   306,   384,   309,   310,    68,
      69,    70,   148,    71,    72,    73,    74,    75,    76,   112
};

  /* YYTABLE[YYPACT[STATE-NUM]] -- What to do in state STATE-NUM.  If
     positive, shift that token.  If negative, reduce the rule whose
     number is the opposite.  If YYTABLE_NINF, syntax error.  */
static const yytype_int16 yytable[] =
{
      78,    94,    94,   318,   103,   147,   239,   388,   227,   130,
     149,    57,   400,   374,    77,   474,   448,   151,   105,   495,
     205,   165,    77,   166,    77,    95,    14,   113,   114,   127,
     115,   116,   135,   108,   244,   108,    19,    20,   109,   164,
     245,    77,    19,    20,    21,   138,   118,   133,   134,   111,
     111,   111,   119,   111,   111,   124,   158,    77,   125,   143,
      20,   126,   159,   160,   233,   471,   472,   396,   108,   181,
     132,   111,   164,   109,   182,   183,   146,   517,   184,   185,
     186,   187,   213,  -253,   130,   111,   111,   188,    94,   161,
     162,   163,    94,    94,   308,   317,   443,   511,   496,   189,
     195,   190,   241,   387,   106,   107,   375,   462,   329,   205,
     130,   232,   224,   167,   199,   214,    55,   120,    55,   210,
     230,   123,   465,  -249,    55,  -249,   128,   238,    57,   136,
      55,   216,   142,   240,   150,   201,   152,   153,   154,   155,
     156,   202,   -16,   203,   226,   144,   247,    55,   331,   139,
     206,    55,   358,   347,   140,  -251,   132,  -251,   204,   161,
     162,   163,   211,   252,   253,   254,   313,   256,   257,   259,
     363,   314,   212,   111,   207,   231,   191,   426,   192,   161,
     162,   163,   365,   228,   208,   296,    55,   367,   243,   229,
     288,   289,   290,   291,   292,   293,   294,   295,   330,   161,
     162,   163,   236,   388,   321,   161,   162,   163,   346,   161,
     162,   163,   242,   248,   161,   162,   163,   286,   250,   322,
     324,   325,   326,   327,   328,   398,   297,   338,   362,   196,
      57,   161,   162,   163,   193,   405,   194,   312,   300,   333,
     412,   335,   339,   161,   162,   163,   476,   410,   161,   162,
     163,   255,   344,   340,   439,   260,   261,   262,   263,   264,
     265,   266,   267,   268,   269,   270,   271,   272,   273,   274,
     161,   162,   163,   341,   234,   343,   345,   350,   351,   163,
     382,   275,   352,   276,   357,   353,    94,   277,   278,   279,
     159,   391,   354,   280,   393,   394,   161,   162,   163,   364,
     355,   130,   359,   370,   378,   324,   381,   381,   161,   162,
     163,   360,   -31,   111,   446,   161,   162,   163,   381,   376,
     451,   381,   381,   383,    55,   456,   402,   458,   459,   395,
     161,   162,   163,   401,   281,   404,   407,   385,   413,   161,
     162,   163,   468,   469,   414,   313,   415,   406,   416,   421,
     314,   422,   480,   302,   303,   304,   305,   429,   307,   366,
     315,   316,    57,   319,   320,   233,   488,   431,   368,   423,
     490,   479,   492,   282,   424,   283,   284,   161,   162,   163,
     425,   430,   432,   485,   486,   171,   172,   161,   162,   163,
     130,   433,   435,   436,   381,   494,   437,   510,   434,   440,
     438,   452,   441,   454,   513,   501,   409,   503,   171,   172,
     442,   180,   181,   519,   251,   449,   312,   182,   183,   457,
     461,   184,   185,   186,   187,   514,   460,   483,   381,   467,
     381,   475,   477,   463,   466,   181,   408,   493,   489,   502,
     182,   183,   505,   507,   184,   185,   186,   187,    99,   223,
      94,   491,   161,   162,   163,   509,    94,   378,   518,   487,
     386,   478,   379,   515,   500,   161,   162,   163,   171,   299,
     392,   122,   498,  -175,   444,   198,   418,    94,   381,   337,
     311,   427,   189,     0,   190,  -175,     0,     0,    94,     0,
       0,   381,   342,     0,   512,   181,   161,   162,   163,     0,
     182,   183,    94,     0,   184,   185,   186,   187,   161,   162,
     163,     0,  -175,  -175,  -175,  -175,   161,   162,   163,  -175,
       0,  -175,   417,   348,  -175,   419,   420,  -254,  -254,  -254,
     187,  -175,  -175,  -175,  -175,   361,   161,   162,   163,   428,
       0,     0,     0,   403,     0,     0,  -175,  -175,  -175,  -214,
    -175,  -175,  -175,  -175,  -175,  -175,  -175,  -175,  -175,  -175,
    -175,  -214,     0,   411,     0,  -175,  -175,     0,     0,  -175,
    -175,  -175,  -175,  -175,     0,  -175,     0,  -254,  -175,   171,
     172,     1,     2,     3,     4,     5,     6,     0,  -214,  -214,
    -214,  -214,     0,     0,     0,  -214,     0,  -214,     0,     0,
    -214,     0,     0,     0,     0,   180,   181,  -214,  -214,  -214,
    -214,   182,   183,     0,     0,   184,   185,   186,   187,     0,
       0,     0,  -214,  -214,  -214,     0,  -214,  -214,  -214,  -214,
    -214,  -214,  -214,  -214,  -214,  -214,  -214,     0,     0,     0,
       0,  -214,  -214,     0,     0,  -214,  -214,  -214,  -214,  -214,
       0,  -214,   -13,    79,  -214,     0,     0,     0,     0,     0,
       0,    77,     0,    16,     0,    17,    18,    19,    20,    21,
       0,     0,    22,    23,    24,    25,    26,     0,    27,    28,
      29,    30,    31,    32,    80,    98,    81,    82,    33,    83,
      84,    85,    86,    87,    88,     0,     0,     0,    89,    90,
      91,    92,    34,     0,    35,    36,    37,    38,    39,    40,
       0,     0,     0,     0,    41,    42,    43,    44,    45,    46,
      47,     0,     0,     0,     0,   182,   183,     0,    48,   184,
     185,   186,   187,     0,     0,     0,     0,     0,     0,     0,
      49,    50,     0,    51,     0,     0,    52,    53,    -3,    79,
       0,     0,     0,    54,    93,    55,    56,    77,     0,    16,
       0,    17,    18,    19,    20,    21,     0,     0,    22,    23,
      24,    25,    26,     0,    27,    28,    29,    30,    31,    32,
      80,    98,    81,    82,    33,    83,    84,    85,    86,    87,
      88,     0,     0,     0,    89,    90,    91,    92,    34,     0,
      35,    36,    37,    38,    39,    40,     0,     0,     0,     0,
      41,    42,    43,    44,    45,    46,    47,     0,     0,     0,
       0,     0,     0,     0,    48,     0,     0,     0,     0,     0,
       0,     0,     0,     0,     0,     0,    49,    50,     0,    51,
       0,     0,    52,    53,     0,    79,     0,     0,     0,    54,
      93,    55,    56,    77,   369,    16,     0,    17,    18,    19,
      20,    21,     0,     0,    22,    23,    24,    25,    26,     0,
      27,    28,    29,    30,    31,    32,    80,    98,    81,    82,
      33,    83,    84,    85,    86,    87,    88,     0,     0,     0,
      89,    90,    91,    92,    34,     0,    35,    36,    37,    38,
      39,    40,     0,     0,     0,     0,    41,    42,    43,    44,
      45,    46,    47,     0,     0,     0,     0,     0,     0,     0,
      48,     0,     0,     0,     0,     0,     0,     0,     0,     0,
       0,     0,    49,    50,     0,    51,     0,     0,    52,    53,
       0,    79,     0,     0,     0,    54,    93,    55,    56,    77,
     481,    16,     0,    17,    18,    19,    20,    21,     0,     0,
      22,    23,    24,    25,    26,     0,    27,    28,    29,    30,
      31,    32,    80,    98,    81,    82,    33,    83,    84,    85,
      86,    87,    88,     0,     0,     0,    89,    90,    91,    92,
      34,     0,    35,    36,    37,    38,    39,    40,     0,     0,
       0,     0,    41,    42,    43,    44,    45,    46,    47,     0,
       0,     0,     0,     0,     0,     0,    48,     0,     0,     0,
       0,     0,     0,     0,     0,     0,     0,     0,    49,    50,
       0,    51,     0,     0,    52,    53,     0,    79,     0,     0,
       0,    54,    93,    55,    56,    77,   484,    16,     0,    17,
      18,    19,    20,    21,     0,     0,    22,    23,    24,    25,
      26,     0,    27,    28,    29,    30,    31,    32,    80,    98,
      81,    82,    33,    83,    84,    85,    86,    87,    88,     0,
       0,     0,    89,    90,    91,    92,    34,     0,    35,    36,
      37,    38,    39,    40,     0,     0,     0,     0,    41,    42,
      43,    44,    45,    46,    47,     0,     0,     0,     0,     0,
       0,     0,    48,     0,     0,     0,     0,     0,     0,     0,
       0,     0,     0,     0,    49,    50,     0,    51,     0,     0,
      52,    53,     0,    79,     0,     0,     0,    54,    93,    55,
      56,    77,   499,    16,     0,    17,    18,    19,    20,    21,
       0,     0,    22,    23,    24,    25,    26,     0,    27,    28,
      29,    30,    31,    32,    80,    98,    81,    82,    33,    83,
      84,    85,    86,    87,    88,     0,     0,     0,    89,    90,
      91,    92,    34,     0,    35,    36,    37,    38,    39,    40,
       0,     0,     0,     0,    41,    42,    43,    44,    45,    46,
      47,     0,     0,     0,     0,     0,     0,     0,    48,     0,
       0,     0,     0,     0,     0,     0,     0,     0,     0,     0,
      49,    50,     0,    51,     0,     0,    52,    53,     0,    79,
       0,     0,     0,    54,    93,    55,    56,    77,   508,    16,
       0,    17,    18,    19,    20,    21,     0,     0,    22,    23,
      24,    25,    26,     0,    27,    28,    29,    30,    31,    32,
      80,    98,    81,    82,    33,    83,    84,    85,    86,    87,
      88,     0,     0,     0,    89,    90,    91,    92,    34,     0,
      35,    36,    37,    38,    39,    40,     0,     0,     0,     0,
      41,    42,    43,    44,    45,    46,    47,     0,     0,     0,
       0,     0,     0,     0,    48,     0,     0,     0,     0,     0,
       0,     0,     0,     0,     0,     0,    49,    50,     0,    51,
       0,     0,    52,    53,     0,    79,     0,     0,     0,    54,
      93,    55,    56,    77,     0,    16,     0,    17,    18,    19,
      20,    21,     0,     0,    22,    23,    24,    25,    26,     0,
      27,    28,    29,    30,    31,    32,    80,    98,    81,    82,
      33,    83,    84,    85,    86,    87,    88,     0,     0,     0,
      89,    90,    91,    92,    34,     0,    35,    36,    37,    38,
      39,    40,     0,     0,     0,     0,    41,    42,    43,    44,
      45,    46,    47,     0,     0,   516,     0,     0,     0,     0,
      48,     0,     0,     0,     0,     0,     0,     0,     0,     0,
       0,     0,    49,    50,     0,    51,     0,     0,    52,    53,
       0,    79,     0,     0,     0,    54,    93,    55,    56,    77,
       0,    16,     0,    17,    18,    19,    20,    21,     0,     0,
      22,    23,    24,    25,    26,     0,    27,    28,    29,    30,
      31,    32,    80,    98,    81,    82,    33,    83,    84,    85,
      86,    87,    88,     0,     0,     0,    89,    90,    91,    92,
      34,     0,    35,    36,    37,    38,    39,    40,     0,     0,
       0,     0,    41,    42,    43,    44,    45,    46,    47,     0,
       0,     0,     0,     0,     0,     0,    48,     0,     0,     0,
       0,     0,     0,     0,     0,     0,     0,     0,    49,    50,
       0,    51,     0,     0,    52,    53,     0,    79,     0,     0,
       0,    54,    93,    55,    56,    77,     0,    16,     0,    17,
      18,    19,    20,    21,     0,     0,    22,    23,    24,    25,
      26,     0,    27,    28,    29,    30,    31,    32,    80,     0,
      81,    82,    33,    83,    84,    85,    86,    87,    88,     0,
       0,     0,    89,    90,    91,    92,    34,     0,    35,    36,
      37,    38,    39,    40,     0,     0,     0,     0,    41,    42,
      43,    44,    45,    46,    47,     0,     0,     0,     0,     0,
       0,     0,    48,     0,     0,     0,     0,     0,     0,     0,
       0,     0,     0,     0,    49,    50,     0,    51,     0,     0,
      52,    53,    79,     0,     0,     0,     0,    54,    93,    55,
      56,     0,    16,     0,    17,    18,    19,    20,    21,     0,
       0,    22,    23,    24,    25,    26,     0,    27,    28,    29,
      30,    31,    32,     0,     0,     0,     0,    33,     0,     0,
    -254,     0,     0,     0,     0,     0,     0,   169,   170,   171,
     172,    34,     0,    35,    36,    37,    38,    39,    40,     0,
       0,     0,     0,    41,    42,    43,    44,    45,    46,    47,
     175,   176,   177,   178,   179,   180,   181,    48,     0,     0,
       0,   182,   183,     0,     0,   184,   185,   186,   187,    49,
      50,     0,    51,     0,     0,    52,    53,    79,     0,     0,
       0,     0,    54,   -74,    55,    56,     0,    16,     0,    17,
      18,    19,    20,    21,     0,     0,    22,    23,    24,    25,
      26,     0,    27,    28,    29,    30,    31,    32,     0,     0,
       0,     0,    33,     0,     0,     0,     0,     0,     0,     0,
     169,   170,   171,   172,     0,     0,    34,     0,    35,    36,
      37,    38,    39,    40,     0,     0,     0,     0,    41,    42,
      43,    44,    45,    46,    47,   177,   178,   179,   180,   181,
       0,     0,    48,     0,   182,   183,     0,     0,   184,   185,
     186,   187,     0,     0,    49,    50,     0,    51,     0,     0,
      52,    53,     0,     0,     0,     0,   -74,    54,     0,    55,
      56,    77,     0,    16,     0,    17,    18,    19,    20,    21,
       0,     0,   129,    23,    24,    25,    26,   109,    27,    28,
      29,    30,    31,    32,     0,     0,     0,     0,    33,     0,
       0,     0,     0,     0,     0,   169,   170,   171,   172,     0,
       0,     0,    34,     0,    35,    36,    37,    38,    39,    40,
       0,     0,     0,     0,    41,    42,    43,    44,    45,    46,
      47,   178,   179,   180,   181,     0,     0,     0,    48,   182,
     183,     0,     0,   184,   185,   186,   187,     0,     0,     0,
      49,    50,     0,    51,     0,     0,    52,    53,     0,     0,
       0,     0,     0,    54,     0,    55,    56,    77,     0,    16,
       0,    17,    18,    19,    20,    21,     0,     0,    22,    23,
      24,    25,    26,     0,    27,    28,    29,    30,    31,    32,
       0,     0,     0,     0,    33,     0,     0,     0,     0,     0,
       0,   169,   170,   171,   172,     0,     0,     0,    34,     0,
      35,    36,    37,    38,    39,    40,     0,     0,     0,     0,
      41,    42,    43,    44,    45,    46,    47,     0,   179,   180,
     181,     0,     0,     0,    48,   182,   183,     0,     0,   184,
     185,   186,   187,     0,     0,     0,    49,    50,     0,    51,
       0,     0,    52,    53,     0,     0,     0,     0,     0,    54,
       0,    55,    56,    16,   104,    17,    18,    19,    20,    21,
       0,     0,    22,    23,    24,    25,    26,     0,    27,    28,
      29,    30,    31,    32,     0,     0,     0,     0,    33,     0,
       0,     0,     0,     0,     0,   169,  -254,   171,   172,     0,
       0,     0,    34,     0,    35,    36,    37,    38,    39,    40,
       0,     0,     0,     0,    41,    42,    43,    44,    45,    46,
      47,     0,     0,   180,   181,     0,     0,     0,    48,   182,
     183,     0,     0,   184,   185,   186,   187,     0,     0,     0,
      49,    50,     0,    51,     0,     0,    52,    53,     0,     0,
       0,     0,     0,    54,     0,    55,    56,    16,     0,    17,
      18,    19,    20,    21,     0,     0,    22,    23,    24,    25,
      26,     0,    27,    28,    29,    30,    31,    32,     0,     0,
       0,     0,    33,     0,     0,     0,     0,     0,     0,   169,
     170,   171,   172,     0,     0,     0,    34,     0,    35,    36,
      37,    38,    39,    40,     0,     0,     0,     0,    41,    42,
      43,    44,    45,    46,    47,     0,     0,   180,   181,     0,
       0,     0,    48,   182,   183,     0,     0,   184,   185,   186,
     187,     0,     0,     0,    49,    50,     0,    51,     0,     0,
      52,    53,     0,     0,     0,     0,     0,    54,   137,    55,
      56,    16,     0,    17,    18,    19,    20,    21,     0,     0,
      22,    23,    24,    25,    26,     0,    27,    28,    29,    30,
      31,    32,     0,     0,     0,     0,    33,   217,   218,   219,
     220,     0,     0,     0,   221,     0,   222,     0,     0,     0,
      34,     0,    35,    36,    37,    38,    39,    40,     0,     0,
       0,     0,    41,    42,    43,    44,    45,    46,    47,     0,
       0,   161,   162,   163,     0,     0,    48,     0,     0,     0,
       0,     0,     0,     0,     0,     0,     0,     0,    49,    50,
       0,    51,     0,     0,    52,    53,     0,     0,     0,     0,
     157,    54,     0,    55,    56,    16,     0,    17,    18,    19,
      20,    21,     0,     0,    22,    23,    24,    25,    26,     0,
      27,    28,    29,    30,    31,    32,     0,     0,     0,     0,
      33,     0,     0,     0,     0,     0,     0,     0,     0,     0,
       0,     0,     0,     0,    34,     0,    35,    36,    37,    38,
      39,    40,     0,     0,     0,     0,    41,    42,    43,    44,
      45,    46,    47,     0,     0,     0,     0,     0,     0,     0,
      48,     0,     0,     0,     0,     0,     0,     0,     0,     0,
       0,     0,    49,    50,     0,    51,     0,     0,    52,    53,
       0,     0,     0,     0,   237,    54,     0,    55,    56,    16,
       0,    17,    18,    19,    20,    21,     0,     0,    22,    23,
      24,    25,    26,     0,    27,    28,    29,    30,    31,    32,
       0,     0,     0,     0,    33,     0,     0,     0,     0,     0,
       0,     0,     0,     0,     0,     0,     0,     0,    34,     0,
      35,    36,    37,    38,    39,    40,     0,     0,     0,     0,
      41,    42,    43,    44,    45,    46,    47,     0,     0,     0,
       0,     0,     0,     0,    48,     0,     0,     0,     0,     0,
       0,     0,     0,     0,     0,     0,    49,    50,     0,    51,
       0,     0,    52,    53,     0,     0,     0,     0,   246,    54,
       0,    55,    56,    16,     0,    17,    18,    19,    20,    21,
       0,     0,    22,    23,    24,    25,    26,     0,    27,    28,
      29,    30,    31,    32,     0,     0,     0,     0,    33,     0,
       0,     0,     0,     0,     0,     0,     0,     0,     0,     0,
       0,     0,    34,     0,    35,    36,    37,    38,    39,    40,
       0,     0,     0,     0,    41,    42,    43,    44,    45,    46,
      47,     0,     0,     0,     0,     0,     0,     0,    48,     0,
       0,     0,     0,     0,     0,     0,     0,     0,     0,     0,
      49,    50,     0,    51,     0,     0,    52,    53,     0,     0,
       0,     0,   258,    54,     0,    55,    56,    16,     0,    17,
      18,    19,    20,    21,     0,     0,    22,    23,    24,    25,
      26,     0,    27,    28,    29,    30,    31,    32,     0,     0,
       0,     0,    33,     0,     0,     0,     0,     0,     0,     0,
       0,     0,     0,     0,     0,     0,    34,     0,    35,    36,
      37,    38,    39,    40,     0,     0,     0,     0,    41,    42,
      43,    44,    45,    46,    47,     0,     0,     0,     0,     0,
       0,     0,    48,     0,     0,     0,     0,     0,     0,     0,
       0,     0,     0,     0,    49,    50,     0,    51,     0,     0,
      52,    53,     0,     0,     0,     0,   287,    54,     0,    55,
      56,    16,     0,    17,    18,    19,    20,    21,     0,     0,
      22,    23,    24,    25,    26,     0,    27,    28,    29,    30,
      31,    32,     0,     0,     0,     0,    33,     0,     0,     0,
       0,     0,     0,     0,     0,     0,     0,     0,     0,     0,
      34,     0,    35,    36,    37,    38,    39,    40,     0,     0,
       0,     0,    41,    42,    43,    44,    45,    46,    47,     0,
       0,     0,     0,     0,     0,     0,    48,     0,     0,     0,
       0,     0,     0,     0,     0,     0,     0,     0,    49,    50,
       0,    51,     0,     0,    52,    53,     0,     0,     0,     0,
     356,    54,     0,    55,    56,    16,     0,    17,    18,    19,
      20,    21,     0,     0,    22,    23,    24,    25,    26,     0,
      27,    28,    29,    30,    31,    32,     0,     0,     0,     0,
      33,     0,     0,     0,     0,     0,     0,     0,     0,     0,
       0,     0,     0,     0,    34,     0,    35,    36,    37,    38,
      39,    40,     0,     0,     0,     0,    41,    42,    43,    44,
      45,    46,    47,     0,     0,     0,     0,     0,     0,     0,
      48,     0,     0,     0,     0,     0,     0,     0,     0,     0,
       0,     0,    49,    50,   168,    51,     0,     0,    52,    53,
       0,   169,   170,   171,   172,    54,     0,    55,    56,     0,
       0,     0,     0,     0,     0,     0,     0,     0,     0,     0,
       0,   173,   174,   349,   175,   176,   177,   178,   179,   180,
     181,     0,     0,     0,     0,   182,   183,   168,     0,   184,
     185,   186,   187,     0,   169,   170,   171,   172,     0,     0,
       0,     0,     0,     0,     0,     0,     0,     0,     0,     0,
       0,     0,     0,     0,   173,   174,     0,   175,   176,   177,
     178,   179,   180,   181,     0,     0,     0,     0,   182,   183,
     168,     0,   184,   185,   186,   187,     0,   169,   170,   171,
     172,     0,     0,     0,     0,     0,     0,     0,     0,     0,
       0,     0,     0,     0,     0,     0,     0,     0,   174,     0,
     175,   176,   177,   178,   179,   180,   181,     0,     0,     0,
       0,   182,   183,     0,     0,   184,   185,   186,   187
};

static const yytype_int16 yycheck[] =
{
      10,    11,    12,   210,    15,    46,   126,   315,   115,    40,
      46,     9,   334,     9,     9,   451,   423,    48,    16,    23,
      26,     9,     9,    11,     9,    11,     0,    20,    21,    39,
      23,    24,    42,    20,   141,    20,    15,    16,    25,    77,
      25,     9,    15,    16,    17,    43,    11,    40,    41,    19,
      20,    21,   101,    23,    24,   101,    54,     9,   101,    15,
      16,   101,    55,    56,    23,    43,    44,   105,    20,    87,
      40,    41,    77,    25,    92,    93,    46,   513,    96,    97,
      98,    99,    92,     9,   115,    55,    56,   101,    98,    73,
      74,    75,   102,   103,    67,   101,   418,   504,   102,     9,
       9,    11,   133,   310,    17,    18,   102,   102,   228,    26,
     141,   121,    98,   101,    20,    45,   103,    30,   103,    89,
     118,    34,   444,     9,   103,    11,    39,   125,   126,    42,
     103,   102,    45,   126,    47,   101,    49,    50,    51,    52,
      53,   101,   101,   101,    12,   101,   144,   103,    12,    20,
      67,   103,   104,    12,    25,     9,   126,    11,   101,    73,
      74,    75,   101,   161,   162,   163,   207,   165,   166,   167,
      12,   207,   101,   143,    91,   100,     9,   384,    11,    73,
      74,    75,    12,   101,   101,   196,   103,    12,   102,   101,
     188,   189,   190,   191,   192,   193,   194,   195,   229,    73,
      74,    75,   100,   511,   214,    73,    74,    75,   102,    73,
      74,    75,    10,    69,    73,    74,    75,   187,    11,   217,
     218,   219,   220,   221,   222,   332,    20,   100,   102,    77,
     228,    73,    74,    75,     9,    12,    11,   207,    20,   101,
     360,    69,   240,    73,    74,    75,   453,    12,    73,    74,
      75,   164,   250,    10,    12,   168,   169,   170,   171,   172,
     173,   174,   175,   176,   177,   178,   179,   180,   181,   182,
      73,    74,    75,    11,   122,    23,    11,   275,   276,    75,
     305,     9,   104,    11,   282,   104,   296,    15,    16,    17,
     283,   316,   104,    21,   319,   320,    73,    74,    75,   102,
     104,   332,   104,    18,   302,   303,   304,   305,    73,    74,
      75,   101,   101,   283,   421,    73,    74,    75,   316,    20,
     425,   319,   320,   101,   103,   430,   336,   432,   433,   100,
      73,    74,    75,    23,    62,    23,    10,   307,    10,    73,
      74,    75,   447,   448,    10,   386,    10,   345,    10,    20,
     386,   100,   457,   201,   202,   203,   204,   102,   206,   102,
     208,   209,   360,   211,   212,    23,   471,   392,   102,   100,
     475,   456,   477,   101,   100,   103,   104,    73,    74,    75,
     100,   100,   100,   468,   469,    60,    61,    73,    74,    75,
     421,   100,   100,   100,   392,   480,     9,   502,   396,    10,
      12,   426,   100,   428,   509,   490,   102,   492,    60,    61,
     102,    86,    87,   518,   100,     9,   386,    92,    93,   100,
      71,    96,    97,    98,    99,   510,   437,     9,   426,   102,
     428,   100,   100,   443,   445,    87,   349,   102,   101,   100,
      92,    93,    70,    19,    96,    97,    98,    99,    12,    98,
     460,   476,    73,    74,    75,   100,   466,   455,   100,   470,
     308,   455,   303,   511,   489,    73,    74,    75,    60,   198,
     318,    33,   483,     0,   419,    82,   372,   487,   476,   100,
     207,   386,     9,    -1,    11,    12,    -1,    -1,   498,    -1,
      -1,   489,   100,    -1,   505,    87,    73,    74,    75,    -1,
      92,    93,   512,    -1,    96,    97,    98,    99,    73,    74,
      75,    -1,    39,    40,    41,    42,    73,    74,    75,    46,
      -1,    48,   370,   100,    51,   373,   374,    96,    97,    98,
      99,    58,    59,    60,    61,   100,    73,    74,    75,   387,
      -1,    -1,    -1,   100,    -1,    -1,    73,    74,    75,     0,
      77,    78,    79,    80,    81,    82,    83,    84,    85,    86,
      87,    12,    -1,   100,    -1,    92,    93,    -1,    -1,    96,
      97,    98,    99,   100,    -1,   102,    -1,    58,   105,    60,
      61,     3,     4,     5,     6,     7,     8,    -1,    39,    40,
      41,    42,    -1,    -1,    -1,    46,    -1,    48,    -1,    -1,
      51,    -1,    -1,    -1,    -1,    86,    87,    58,    59,    60,
      61,    92,    93,    -1,    -1,    96,    97,    98,    99,    -1,
      -1,    -1,    73,    74,    75,    -1,    77,    78,    79,    80,
      81,    82,    83,    84,    85,    86,    87,    -1,    -1,    -1,
      -1,    92,    93,    -1,    -1,    96,    97,    98,    99,   100,
      -1,   102,     0,     1,   105,    -1,    -1,    -1,    -1,    -1,
      -1,     9,    -1,    11,    -1,    13,    14,    15,    16,    17,
      -1,    -1,    20,    21,    22,    23,    24,    -1,    26,    27,
      28,    29,    30,    31,    32,    33,    34,    35,    36,    37,
      38,    39,    40,    41,    42,    -1,    -1,    -1,    46,    47,
      48,    49,    50,    -1,    52,    53,    54,    55,    56,    57,
      -1,    -1,    -1,    -1,    62,    63,    64,    65,    66,    67,
      68,    -1,    -1,    -1,    -1,    92,    93,    -1,    76,    96,
      97,    98,    99,    -1,    -1,    -1,    -1,    -1,    -1,    -1,
      88,    89,    -1,    91,    -1,    -1,    94,    95,     0,     1,
      -1,    -1,    -1,   101,   102,   103,   104,     9,    -1,    11,
      -1,    13,    14,    15,    16,    17,    -1,    -1,    20,    21,
      22,    23,    24,    -1,    26,    27,    28,    29,    30,    31,
      32,    33,    34,    35,    36,    37,    38,    39,    40,    41,
      42,    -1,    -1,    -1,    46,    47,    48,    49,    50,    -1,
      52,    53,    54,    55,    56,    57,    -1,    -1,    -1,    -1,
      62,    63,    64,    65,    66,    67,    68,    -1,    -1,    -1,
      -1,    -1,    -1,    -1,    76,    -1,    -1,    -1,    -1,    -1,
      -1,    -1,    -1,    -1,    -1,    -1,    88,    89,    -1,    91,
      -1,    -1,    94,    95,    -1,     1,    -1,    -1,    -1,   101,
     102,   103,   104,     9,    10,    11,    -1,    13,    14,    15,
      16,    17,    -1,    -1,    20,    21,    22,    23,    24,    -1,
      26,    27,    28,    29,    30,    31,    32,    33,    34,    35,
      36,    37,    38,    39,    40,    41,    42,    -1,    -1,    -1,
      46,    47,    48,    49,    50,    -1,    52,    53,    54,    55,
      56,    57,    -1,    -1,    -1,    -1,    62,    63,    64,    65,
      66,    67,    68,    -1,    -1,    -1,    -1,    -1,    -1,    -1,
      76,    -1,    -1,    -1,    -1,    -1,    -1,    -1,    -1,    -1,
      -1,    -1,    88,    89,    -1,    91,    -1,    -1,    94,    95,
      -1,     1,    -1,    -1,    -1,   101,   102,   103,   104,     9,
      10,    11,    -1,    13,    14,    15,    16,    17,    -1,    -1,
      20,    21,    22,    23,    24,    -1,    26,    27,    28,    29,
      30,    31,    32,    33,    34,    35,    36,    37,    38,    39,
      40,    41,    42,    -1,    -1,    -1,    46,    47,    48,    49,
      50,    -1,    52,    53,    54,    55,    56,    57,    -1,    -1,
      -1,    -1,    62,    63,    64,    65,    66,    67,    68,    -1,
      -1,    -1,    -1,    -1,    -1,    -1,    76,    -1,    -1,    -1,
      -1,    -1,    -1,    -1,    -1,    -1,    -1,    -1,    88,    89,
      -1,    91,    -1,    -1,    94,    95,    -1,     1,    -1,    -1,
      -1,   101,   102,   103,   104,     9,    10,    11,    -1,    13,
      14,    15,    16,    17,    -1,    -1,    20,    21,    22,    23,
      24,    -1,    26,    27,    28,    29,    30,    31,    32,    33,
      34,    35,    36,    37,    38,    39,    40,    41,    42,    -1,
      -1,    -1,    46,    47,    48,    49,    50,    -1,    52,    53,
      54,    55,    56,    57,    -1,    -1,    -1,    -1,    62,    63,
      64,    65,    66,    67,    68,    -1,    -1,    -1,    -1,    -1,
      -1,    -1,    76,    -1,    -1,    -1,    -1,    -1,    -1,    -1,
      -1,    -1,    -1,    -1,    88,    89,    -1,    91,    -1,    -1,
      94,    95,    -1,     1,    -1,    -1,    -1,   101,   102,   103,
     104,     9,    10,    11,    -1,    13,    14,    15,    16,    17,
      -1,    -1,    20,    21,    22,    23,    24,    -1,    26,    27,
      28,    29,    30,    31,    32,    33,    34,    35,    36,    37,
      38,    39,    40,    41,    42,    -1,    -1,    -1,    46,    47,
      48,    49,    50,    -1,    52,    53,    54,    55,    56,    57,
      -1,    -1,    -1,    -1,    62,    63,    64,    65,    66,    67,
      68,    -1,    -1,    -1,    -1,    -1,    -1,    -1,    76,    -1,
      -1,    -1,    -1,    -1,    -1,    -1,    -1,    -1,    -1,    -1,
      88,    89,    -1,    91,    -1,    -1,    94,    95,    -1,     1,
      -1,    -1,    -1,   101,   102,   103,   104,     9,    10,    11,
      -1,    13,    14,    15,    16,    17,    -1,    -1,    20,    21,
      22,    23,    24,    -1,    26,    27,    28,    29,    30,    31,
      32,    33,    34,    35,    36,    37,    38,    39,    40,    41,
      42,    -1,    -1,    -1,    46,    47,    48,    49,    50,    -1,
      52,    53,    54,    55,    56,    57,    -1,    -1,    -1,    -1,
      62,    63,    64,    65,    66,    67,    68,    -1,    -1,    -1,
      -1,    -1,    -1,    -1,    76,    -1,    -1,    -1,    -1,    -1,
      -1,    -1,    -1,    -1,    -1,    -1,    88,    89,    -1,    91,
      -1,    -1,    94,    95,    -1,     1,    -1,    -1,    -1,   101,
     102,   103,   104,     9,    -1,    11,    -1,    13,    14,    15,
      16,    17,    -1,    -1,    20,    21,    22,    23,    24,    -1,
      26,    27,    28,    29,    30,    31,    32,    33,    34,    35,
      36,    37,    38,    39,    40,    41,    42,    -1,    -1,    -1,
      46,    47,    48,    49,    50,    -1,    52,    53,    54,    55,
      56,    57,    -1,    -1,    -1,    -1,    62,    63,    64,    65,
      66,    67,    68,    -1,    -1,    71,    -1,    -1,    -1,    -1,
      76,    -1,    -1,    -1,    -1,    -1,    -1,    -1,    -1,    -1,
      -1,    -1,    88,    89,    -1,    91,    -1,    -1,    94,    95,
      -1,     1,    -1,    -1,    -1,   101,   102,   103,   104,     9,
      -1,    11,    -1,    13,    14,    15,    16,    17,    -1,    -1,
      20,    21,    22,    23,    24,    -1,    26,    27,    28,    29,
      30,    31,    32,    33,    34,    35,    36,    37,    38,    39,
      40,    41,    42,    -1,    -1,    -1,    46,    47,    48,    49,
      50,    -1,    52,    53,    54,    55,    56,    57,    -1,    -1,
      -1,    -1,    62,    63,    64,    65,    66,    67,    68,    -1,
      -1,    -1,    -1,    -1,    -1,    -1,    76,    -1,    -1,    -1,
      -1,    -1,    -1,    -1,    -1,    -1,    -1,    -1,    88,    89,
      -1,    91,    -1,    -1,    94,    95,    -1,     1,    -1,    -1,
      -1,   101,   102,   103,   104,     9,    -1,    11,    -1,    13,
      14,    15,    16,    17,    -1,    -1,    20,    21,    22,    23,
      24,    -1,    26,    27,    28,    29,    30,    31,    32,    -1,
      34,    35,    36,    37,    38,    39,    40,    41,    42,    -1,
      -1,    -1,    46,    47,    48,    49,    50,    -1,    52,    53,
      54,    55,    56,    57,    -1,    -1,    -1,    -1,    62,    63,
      64,    65,    66,    67,    68,    -1,    -1,    -1,    -1,    -1,
      -1,    -1,    76,    -1,    -1,    -1,    -1,    -1,    -1,    -1,
      -1,    -1,    -1,    -1,    88,    89,    -1,    91,    -1,    -1,
      94,    95,     1,    -1,    -1,    -1,    -1,   101,   102,   103,
     104,    -1,    11,    -1,    13,    14,    15,    16,    17,    -1,
      -1,    20,    21,    22,    23,    24,    -1,    26,    27,    28,
      29,    30,    31,    -1,    -1,    -1,    -1,    36,    -1,    -1,
      51,    -1,    -1,    -1,    -1,    -1,    -1,    58,    59,    60,
      61,    50,    -1,    52,    53,    54,    55,    56,    57,    -1,
      -1,    -1,    -1,    62,    63,    64,    65,    66,    67,    68,
      81,    82,    83,    84,    85,    86,    87,    76,    -1,    -1,
      -1,    92,    93,    -1,    -1,    96,    97,    98,    99,    88,
      89,    -1,    91,    -1,    -1,    94,    95,     1,    -1,    -1,
      -1,    -1,   101,   102,   103,   104,    -1,    11,    -1,    13,
      14,    15,    16,    17,    -1,    -1,    20,    21,    22,    23,
      24,    -1,    26,    27,    28,    29,    30,    31,    -1,    -1,
      -1,    -1,    36,    -1,    -1,    -1,    -1,    -1,    -1,    -1,
      58,    59,    60,    61,    -1,    -1,    50,    -1,    52,    53,
      54,    55,    56,    57,    -1,    -1,    -1,    -1,    62,    63,
      64,    65,    66,    67,    68,    83,    84,    85,    86,    87,
      -1,    -1,    76,    -1,    92,    93,    -1,    -1,    96,    97,
      98,    99,    -1,    -1,    88,    89,    -1,    91,    -1,    -1,
      94,    95,    -1,    -1,    -1,    -1,   100,   101,    -1,   103,
     104,     9,    -1,    11,    -1,    13,    14,    15,    16,    17,
      -1,    -1,    20,    21,    22,    23,    24,    25,    26,    27,
      28,    29,    30,    31,    -1,    -1,    -1,    -1,    36,    -1,
      -1,    -1,    -1,    -1,    -1,    58,    59,    60,    61,    -1,
      -1,    -1,    50,    -1,    52,    53,    54,    55,    56,    57,
      -1,    -1,    -1,    -1,    62,    63,    64,    65,    66,    67,
      68,    84,    85,    86,    87,    -1,    -1,    -1,    76,    92,
      93,    -1,    -1,    96,    97,    98,    99,    -1,    -1,    -1,
      88,    89,    -1,    91,    -1,    -1,    94,    95,    -1,    -1,
      -1,    -1,    -1,   101,    -1,   103,   104,     9,    -1,    11,
      -1,    13,    14,    15,    16,    17,    -1,    -1,    20,    21,
      22,    23,    24,    -1,    26,    27,    28,    29,    30,    31,
      -1,    -1,    -1,    -1,    36,    -1,    -1,    -1,    -1,    -1,
      -1,    58,    59,    60,    61,    -1,    -1,    -1,    50,    -1,
      52,    53,    54,    55,    56,    57,    -1,    -1,    -1,    -1,
      62,    63,    64,    65,    66,    67,    68,    -1,    85,    86,
      87,    -1,    -1,    -1,    76,    92,    93,    -1,    -1,    96,
      97,    98,    99,    -1,    -1,    -1,    88,    89,    -1,    91,
      -1,    -1,    94,    95,    -1,    -1,    -1,    -1,    -1,   101,
      -1,   103,   104,    11,    12,    13,    14,    15,    16,    17,
      -1,    -1,    20,    21,    22,    23,    24,    -1,    26,    27,
      28,    29,    30,    31,    -1,    -1,    -1,    -1,    36,    -1,
      -1,    -1,    -1,    -1,    -1,    58,    59,    60,    61,    -1,
      -1,    -1,    50,    -1,    52,    53,    54,    55,    56,    57,
      -1,    -1,    -1,    -1,    62,    63,    64,    65,    66,    67,
      68,    -1,    -1,    86,    87,    -1,    -1,    -1,    76,    92,
      93,    -1,    -1,    96,    97,    98,    99,    -1,    -1,    -1,
      88,    89,    -1,    91,    -1,    -1,    94,    95,    -1,    -1,
      -1,    -1,    -1,   101,    -1,   103,   104,    11,    -1,    13,
      14,    15,    16,    17,    -1,    -1,    20,    21,    22,    23,
      24,    -1,    26,    27,    28,    29,    30,    31,    -1,    -1,
      -1,    -1,    36,    -1,    -1,    -1,    -1,    -1,    -1,    58,
      59,    60,    61,    -1,    -1,    -1,    50,    -1,    52,    53,
      54,    55,    56,    57,    -1,    -1,    -1,    -1,    62,    63,
      64,    65,    66,    67,    68,    -1,    -1,    86,    87,    -1,
      -1,    -1,    76,    92,    93,    -1,    -1,    96,    97,    98,
      99,    -1,    -1,    -1,    88,    89,    -1,    91,    -1,    -1,
      94,    95,    -1,    -1,    -1,    -1,    -1,   101,   102,   103,
     104,    11,    -1,    13,    14,    15,    16,    17,    -1,    -1,
      20,    21,    22,    23,    24,    -1,    26,    27,    28,    29,
      30,    31,    -1,    -1,    -1,    -1,    36,    39,    40,    41,
      42,    -1,    -1,    -1,    46,    -1,    48,    -1,    -1,    -1,
      50,    -1,    52,    53,    54,    55,    56,    57,    -1,    -1,
      -1,    -1,    62,    63,    64,    65,    66,    67,    68,    -1,
      -1,    73,    74,    75,    -1,    -1,    76,    -1,    -1,    -1,
      -1,    -1,    -1,    -1,    -1,    -1,    -1,    -1,    88,    89,
      -1,    91,    -1,    -1,    94,    95,    -1,    -1,    -1,    -1,
     100,   101,    -1,   103,   104,    11,    -1,    13,    14,    15,
      16,    17,    -1,    -1,    20,    21,    22,    23,    24,    -1,
      26,    27,    28,    29,    30,    31,    -1,    -1,    -1,    -1,
      36,    -1,    -1,    -1,    -1,    -1,    -1,    -1,    -1,    -1,
      -1,    -1,    -1,    -1,    50,    -1,    52,    53,    54,    55,
      56,    57,    -1,    -1,    -1,    -1,    62,    63,    64,    65,
      66,    67,    68,    -1,    -1,    -1,    -1,    -1,    -1,    -1,
      76,    -1,    -1,    -1,    -1,    -1,    -1,    -1,    -1,    -1,
      -1,    -1,    88,    89,    -1,    91,    -1,    -1,    94,    95,
      -1,    -1,    -1,    -1,   100,   101,    -1,   103,   104,    11,
      -1,    13,    14,    15,    16,    17,    -1,    -1,    20,    21,
      22,    23,    24,    -1,    26,    27,    28,    29,    30,    31,
      -1,    -1,    -1,    -1,    36,    -1,    -1,    -1,    -1,    -1,
      -1,    -1,    -1,    -1,    -1,    -1,    -1,    -1,    50,    -1,
      52,    53,    54,    55,    56,    57,    -1,    -1,    -1,    -1,
      62,    63,    64,    65,    66,    67,    68,    -1,    -1,    -1,
      -1,    -1,    -1,    -1,    76,    -1,    -1,    -1,    -1,    -1,
      -1,    -1,    -1,    -1,    -1,    -1,    88,    89,    -1,    91,
      -1,    -1,    94,    95,    -1,    -1,    -1,    -1,   100,   101,
      -1,   103,   104,    11,    -1,    13,    14,    15,    16,    17,
      -1,    -1,    20,    21,    22,    23,    24,    -1,    26,    27,
      28,    29,    30,    31,    -1,    -1,    -1,    -1,    36,    -1,
      -1,    -1,    -1,    -1,    -1,    -1,    -1,    -1,    -1,    -1,
      -1,    -1,    50,    -1,    52,    53,    54,    55,    56,    57,
      -1,    -1,    -1,    -1,    62,    63,    64,    65,    66,    67,
      68,    -1,    -1,    -1,    -1,    -1,    -1,    -1,    76,    -1,
      -1,    -1,    -1,    -1,    -1,    -1,    -1,    -1,    -1,    -1,
      88,    89,    -1,    91,    -1,    -1,    94,    95,    -1,    -1,
      -1,    -1,   100,   101,    -1,   103,   104,    11,    -1,    13,
      14,    15,    16,    17,    -1,    -1,    20,    21,    22,    23,
      24,    -1,    26,    27,    28,    29,    30,    31,    -1,    -1,
      -1,    -1,    36,    -1,    -1,    -1,    -1,    -1,    -1,    -1,
      -1,    -1,    -1,    -1,    -1,    -1,    50,    -1,    52,    53,
      54,    55,    56,    57,    -1,    -1,    -1,    -1,    62,    63,
      64,    65,    66,    67,    68,    -1,    -1,    -1,    -1,    -1,
      -1,    -1,    76,    -1,    -1,    -1,    -1,    -1,    -1,    -1,
      -1,    -1,    -1,    -1,    88,    89,    -1,    91,    -1,    -1,
      94,    95,    -1,    -1,    -1,    -1,   100,   101,    -1,   103,
     104,    11,    -1,    13,    14,    15,    16,    17,    -1,    -1,
      20,    21,    22,    23,    24,    -1,    26,    27,    28,    29,
      30,    31,    -1,    -1,    -1,    -1,    36,    -1,    -1,    -1,
      -1,    -1,    -1,    -1,    -1,    -1,    -1,    -1,    -1,    -1,
      50,    -1,    52,    53,    54,    55,    56,    57,    -1,    -1,
      -1,    -1,    62,    63,    64,    65,    66,    67,    68,    -1,
      -1,    -1,    -1,    -1,    -1,    -1,    76,    -1,    -1,    -1,
      -1,    -1,    -1,    -1,    -1,    -1,    -1,    -1,    88,    89,
      -1,    91,    -1,    -1,    94,    95,    -1,    -1,    -1,    -1,
     100,   101,    -1,   103,   104,    11,    -1,    13,    14,    15,
      16,    17,    -1,    -1,    20,    21,    22,    23,    24,    -1,
      26,    27,    28,    29,    30,    31,    -1,    -1,    -1,    -1,
      36,    -1,    -1,    -1,    -1,    -1,    -1,    -1,    -1,    -1,
      -1,    -1,    -1,    -1,    50,    -1,    52,    53,    54,    55,
      56,    57,    -1,    -1,    -1,    -1,    62,    63,    64,    65,
      66,    67,    68,    -1,    -1,    -1,    -1,    -1,    -1,    -1,
      76,    -1,    -1,    -1,    -1,    -1,    -1,    -1,    -1,    -1,
      -1,    -1,    88,    89,    51,    91,    -1,    -1,    94,    95,
      -1,    58,    59,    60,    61,   101,    -1,   103,   104,    -1,
      -1,    -1,    -1,    -1,    -1,    -1,    -1,    -1,    -1,    -1,
      -1,    78,    79,    80,    81,    82,    83,    84,    85,    86,
      87,    -1,    -1,    -1,    -1,    92,    93,    51,    -1,    96,
      97,    98,    99,    -1,    58,    59,    60,    61,    -1,    -1,
      -1,    -1,    -1,    -1,    -1,    -1,    -1,    -1,    -1,    -1,
      -1,    -1,    -1,    -1,    78,    79,    -1,    81,    82,    83,
      84,    85,    86,    87,    -1,    -1,    -1,    -1,    92,    93,
      51,    -1,    96,    97,    98,    99,    -1,    58,    59,    60,
      61,    -1,    -1,    -1,    -1,    -1,    -1,    -1,    -1,    -1,
      -1,    -1,    -1,    -1,    -1,    -1,    -1,    -1,    79,    -1,
      81,    82,    83,    84,    85,    86,    87,    -1,    -1,    -1,
      -1,    92,    93,    -1,    -1,    96,    97,    98,    99
};

  /* YYSTOS[STATE-NUM] -- The (internal number of the) accessing
     symbol of state STATE-NUM.  */
static const yytype_uint8 yystos[] =
{
       0,     3,     4,     5,     6,     7,     8,   107,   108,   109,
     110,   111,   112,   113,     0,   116,    11,    13,    14,    15,
      16,    17,    20,    21,    22,    23,    24,    26,    27,    28,
      29,    30,    31,    36,    50,    52,    53,    54,    55,    56,
      57,    62,    63,    64,    65,    66,    67,    68,    76,    88,
      89,    91,    94,    95,   101,   103,   104,   153,   154,   155,
     158,   159,   160,   161,   162,   163,   165,   168,   175,   176,
     177,   179,   180,   181,   182,   183,   184,     9,   114,     1,
      32,    34,    35,    37,    38,    39,    40,    41,    42,    46,
      47,    48,    49,   102,   114,   123,   133,   153,    33,   121,
     122,   123,   119,   119,    12,   153,   163,   163,    20,    25,
     114,   176,   185,   185,   185,   185,   185,   164,    11,   101,
     163,   144,   144,   163,   101,   101,   101,   114,   163,    20,
     154,   167,   176,   185,   185,   114,   163,   102,   153,    20,
      25,   146,   163,    15,   101,   166,   176,   177,   178,   179,
     163,   154,   163,   163,   163,   163,   163,   100,   153,   185,
     185,    73,    74,    75,    77,     9,    11,   101,    51,    58,
      59,    60,    61,    78,    79,    81,    82,    83,    84,    85,
      86,    87,    92,    93,    96,    97,    98,    99,   101,     9,
      11,     9,    11,     9,    11,     9,   116,   145,   146,    20,
     143,   101,   101,   101,   101,    26,    67,    91,   101,   170,
     176,   101,   101,   114,    45,   135,   102,    39,    40,    41,
      42,    46,    48,   122,   123,   121,    12,   167,   101,   101,
     153,   100,   114,    23,   116,   147,   100,   100,   153,   168,
     185,   154,    10,   102,   167,    25,   100,   153,    69,   149,
      11,   100,   153,   153,   153,   163,   153,   153,   100,   153,
     163,   163,   163,   163,   163,   163,   163,   163,   163,   163,
     163,   163,   163,   163,   163,     9,    11,    15,    16,    17,
      21,    62,   101,   103,   104,   157,   176,   100,   153,   153,
     153,   153,   153,   153,   153,   153,   119,    20,   142,   143,
      20,   126,   116,   116,   116,   116,   171,   116,    67,   173,
     174,   175,   176,   177,   179,   116,   116,   101,   170,   116,
     116,   114,   153,   139,   153,   153,   153,   153,   153,   168,
     154,    12,   156,   101,   150,    69,   148,   100,   100,   153,
      10,    11,   100,    23,   153,    11,   102,    12,   100,    80,
     153,   153,   104,   104,   104,   104,   100,   153,   104,   104,
     101,   100,   102,    12,   102,    12,   102,    12,   102,    10,
      18,   115,   124,   125,     9,   102,    20,   138,   153,   139,
     140,   153,   140,   101,   172,   176,   116,   170,   133,   137,
     141,   140,   116,   140,   140,   100,   105,   169,   167,   151,
     148,    23,   114,   100,    23,    12,   153,    10,   163,   102,
      12,   100,   168,    10,    10,    10,    10,   116,   147,   116,
     116,    20,   100,   100,   100,   100,   170,   173,   116,   102,
     100,   140,   100,   100,   153,   100,   100,     9,    12,    12,
      10,   100,   102,   148,   150,   130,   167,   136,   136,     9,
     117,   117,   140,   129,   140,   127,   117,   100,   117,   117,
     119,    71,   102,   114,   152,   148,   119,   102,   117,   117,
     118,    43,    44,   134,   134,   100,   170,   100,   138,   135,
     117,    10,   120,     9,    10,   135,   135,   119,   117,   101,
     117,   140,   117,   102,   135,    23,   102,   131,   119,    10,
     140,   135,   100,   135,   128,    70,   132,    19,    10,   100,
     117,   136,   119,   117,   135,   141,    71,   134,   100,   117
};

  /* YYR1[YYN] -- Symbol number of symbol that rule YYN derives.  */
static const yytype_uint8 yyr1[] =
{
       0,   106,   108,   107,   109,   107,   110,   107,   111,   107,
     112,   107,   113,   107,   114,   115,   116,   117,   118,   119,
     119,   120,   120,   121,   121,   122,   122,   123,   123,   124,
     123,   125,   123,   123,   126,   123,   123,   123,   123,   123,
     123,   123,   123,   127,   128,   123,   123,   123,   129,   123,
     123,   123,   123,   130,   123,   123,   123,   131,   132,   132,
     133,   133,   133,   133,   133,   133,   133,   133,   134,   134,
     134,   135,   135,   136,   137,   137,   138,   138,   139,   140,
     141,   142,   142,   143,   144,   145,   146,   146,   147,   147,
     148,   148,   148,   149,   149,   151,   150,   152,   152,   153,
     153,   153,   153,   154,   154,   154,   155,   155,   155,   155,
     155,   155,   155,   155,   156,   155,   157,   157,   158,   158,
     158,   158,   158,   158,   158,   158,   158,   158,   158,   158,
     158,   158,   159,   159,   159,   159,   159,   159,   159,   159,
     159,   159,   159,   159,   159,   159,   160,   160,   160,   160,
     160,   160,   160,   160,   160,   160,   161,   161,   161,   161,
     161,   161,   162,   162,   163,   163,   163,   163,   163,   163,
     163,   163,   163,   163,   163,   163,   163,   163,   163,   163,
     163,   163,   163,   163,   163,   163,   163,   163,   163,   163,
     163,   163,   163,   163,   163,   163,   163,   163,   163,   163,
     163,   163,   163,   163,   163,   163,   163,   163,   163,   163,
     163,   163,   164,   163,   163,   163,   163,   163,   165,   165,
     166,   166,   166,   166,   166,   166,   167,   167,   168,   168,
     169,   169,   170,   171,   170,   172,   173,   173,   173,   174,
     174,   175,   176,   177,   178,   179,   180,   180,   181,   182,
     182,   183,   183,   184,   184,   185,   185,   185,   185
};

  /* YYR2[YYN] -- Number of symbols on the right hand side of rule YYN.  */
static const yytype_uint8 yyr2[] =
{
       0,     2,     0,     4,     0,     3,     0,     3,     0,     3,
       0,     3,     0,     3,     4,     7,     0,     4,     0,     0,
       2,     0,     2,     1,     1,     2,     2,     1,     4,     0,
       7,     0,    10,     4,     0,     7,     7,     7,     6,     6,
       2,     8,     8,     0,     0,    13,     9,     8,     0,    11,
       9,     7,     2,     0,     8,     2,     1,     2,     0,     3,
       1,     1,     3,     3,     3,     3,     3,     3,     0,     2,
       6,     0,     2,     0,     0,     1,     0,     1,     1,     1,
       1,     1,     0,     0,     0,     0,     1,     1,     0,     1,
       0,     2,     1,     2,     1,     0,     3,     1,     1,     3,
       3,     3,     1,     2,     3,     1,     3,     5,     6,     3,
       3,     5,     2,     4,     0,     5,     1,     1,     5,     4,
       5,     4,     5,     6,     5,     4,     5,     4,     3,     6,
       4,     5,     3,     3,     3,     3,     3,     3,     3,     3,
       3,     3,     3,     3,     3,     3,     2,     2,     2,     2,
       2,     2,     2,     2,     2,     2,     3,     2,     4,     3,
       5,     8,     2,     2,     1,     1,     1,     1,     5,     2,
       1,     2,     3,     1,     2,     1,     1,     1,     1,     1,
       1,     4,     4,     5,     5,     1,     1,     3,     4,     3,
       4,     4,     4,     4,     4,     1,     2,     2,     1,     2,
       2,     1,     2,     1,     2,     1,     3,     1,     3,     1,
       3,     4,     0,     6,     1,     1,     1,     1,     3,     2,
       3,     2,     1,     1,     1,     1,     0,     1,     0,     1,
       0,     2,     1,     0,     3,     1,     1,     1,     1,     1,
       1,     2,     2,     2,     5,     2,     2,     4,     2,     1,
       3,     1,     3,     1,     3,     1,     1,     1,     1
};

typedef enum {
	toketype_ival, toketype_opval, toketype_pval
} toketypes;

/* type of each token/terminal */
static const toketypes yy_type_tab[] =
{
  toketype_ival, toketype_ival, toketype_ival, toketype_ival, toketype_ival, toketype_ival,
  toketype_ival, toketype_ival, toketype_ival, toketype_ival, toketype_ival, toketype_ival,
  toketype_ival, toketype_ival, toketype_ival, toketype_ival, toketype_ival, toketype_ival, toketype_ival, toketype_ival, toketype_opval, toketype_opval,
  toketype_opval, toketype_opval, toketype_opval, toketype_opval, toketype_opval, toketype_opval,
  toketype_opval, toketype_opval, toketype_opval, toketype_opval, toketype_opval, toketype_pval,
  toketype_ival, toketype_ival, toketype_ival, toketype_ival, toketype_ival, toketype_ival, toketype_ival, toketype_ival,
  toketype_ival, toketype_ival, toketype_ival, toketype_ival, toketype_ival, toketype_ival, toketype_ival, toketype_ival,
  toketype_ival, toketype_ival, toketype_ival, toketype_ival, toketype_ival, toketype_ival, toketype_ival,
  toketype_ival, toketype_ival, toketype_ival, toketype_ival, toketype_ival, toketype_ival, toketype_ival,
  toketype_ival, toketype_ival, toketype_ival, toketype_ival, toketype_ival, toketype_ival,
  toketype_ival, toketype_ival, toketype_ival, toketype_ival, toketype_ival, toketype_ival,
  toketype_ival, toketype_ival, toketype_ival, toketype_ival, toketype_ival, toketype_ival, toketype_ival, toketype_ival,
  toketype_ival, toketype_ival, toketype_ival, toketype_ival, toketype_ival, toketype_ival, toketype_ival,
  toketype_ival, toketype_ival, toketype_ival, toketype_ival, toketype_ival, toketype_ival, toketype_ival,
  toketype_ival, toketype_ival, toketype_ival, toketype_ival, toketype_ival, toketype_ival, toketype_ival, toketype_ival, toketype_ival,
  toketype_ival, toketype_ival, toketype_ival, toketype_ival, toketype_ival, toketype_ival, toketype_ival, toketype_opval,
  toketype_opval, toketype_ival, toketype_opval, toketype_ival, toketype_opval, toketype_opval,
  toketype_opval, toketype_opval, toketype_opval, toketype_ival, toketype_ival, toketype_ival, toketype_ival,
  toketype_ival, toketype_ival, toketype_ival, toketype_opval, toketype_opval, toketype_opval, toketype_opval, toketype_opval,
  toketype_ival, toketype_opval, toketype_opval, toketype_opval, toketype_opval, toketype_opval, toketype_opval,
  toketype_ival, toketype_ival, toketype_ival, toketype_opval, toketype_opval,
  toketype_opval, toketype_opval, toketype_opval, toketype_ival, toketype_opval, toketype_opval,
  toketype_opval, toketype_opval, toketype_ival, toketype_opval, toketype_opval, toketype_opval,
  toketype_opval, toketype_opval, toketype_opval, toketype_opval, toketype_ival, toketype_opval, toketype_opval,
  toketype_opval, toketype_opval, toketype_opval, toketype_ival, toketype_ival, toketype_opval,
  toketype_opval, toketype_opval, toketype_opval, toketype_opval, toketype_opval, toketype_opval, toketype_opval,
  toketype_opval, toketype_opval, toketype_opval, toketype_opval, toketype_opval, toketype_opval
};

/* Generated from:
 * a75772f4a13b6f2ac7e02d6584a096c3aa32cb9b742a417793177c334d192447 perly.y
 * d75acf04e5e050e9d0de13999b5b46a13f176dcf9f75c07acf51e913fc41db9a regen_perly.pl
 * ex: set ro: */
